0.1 0.05 0.2 0.1 0.1 10.0
0.1 0.05 0.2 0.1 1 100
0.1 0.05 0.2 0.1 2 200
0.1 0.05 0.9 0.45 0.1 10.0
0.1 0.05 0.9 0.45 1 100
0.1 0.05 0.9 0.45 2 200
0.1 0.05 1.9 0.95 0.1 10.0
0.1 0.05 1.9 0.95 1 100
0.1 0.05 1.9 0.95 2 200
1 1/2 0.2 0.1 0.1 10.0
1 1/2 0.2 0.1 1 100
1 1/2 0.2 0.1 2 200
1 1/2 0.9 0.45 0.1 10.0
1 1/2 0.9 0.45 1 100
1 1/2 0.9 0.45 2 200
1 1/2 1.9 0.95 0.1 10.0
1 1/2 1.9 0.95 1 100
1 1/2 1.9 0.95 2 200
2 1 0.2 0.1 0.1 10.0
2 1 0.2 0.1 1 100
2 1 0.2 0.1 2 200
2 1 0.9 0.45 0.1 10.0
2 1 0.9 0.45 1 100
2 1 0.9 0.45 2 200
2 1 1.9 0.95 0.1 10.0
2 1 1.9 0.95 1 100
2 1 1.9 0.95 2 200
