40.000000 0.000000 0.000000 -3.000000 
0.000000 20.000000 0.000000 -3.000000 
0.000000 0.000000 0.202020 -1.020202 
0.000000 0.000000 0.000000 0.000000 

40.000000 0.000000 0.000000 -3.000000 
0.000000 20.000000 0.000000 -3.000000 
0.000000 0.000000 0.020202 -1.020202 
0.000000 0.000000 0.000000 0.000000 

40.000000 0.000000 0.000000 -3.000000 
0.000000 20.000000 0.000000 -3.000000 
0.000000 0.000000 0.010101 -1.020202 
0.000000 0.000000 0.000000 0.000000 

40.000000 0.000000 0.000000 -3.000000 
0.000000 4.444445 0.000000 -3.000000 
0.000000 0.000000 0.202020 -1.020202 
0.000000 0.000000 0.000000 0.000000 

40.000000 0.000000 0.000000 -3.000000 
0.000000 4.444445 0.000000 -3.000000 
0.000000 0.000000 0.020202 -1.020202 
0.000000 0.000000 0.000000 0.000000 

40.000000 0.000000 0.000000 -3.000000 
0.000000 4.444445 0.000000 -3.000000 
0.000000 0.000000 0.010101 -1.020202 
0.000000 0.000000 0.000000 0.000000 

40.000000 0.000000 0.000000 -3.000000 
0.000000 2.105263 0.000000 -3.000000 
0.000000 0.000000 0.202020 -1.020202 
0.000000 0.000000 0.000000 0.000000 

40.000000 0.000000 0.000000 -3.000000 
0.000000 2.105263 0.000000 -3.000000 
0.000000 0.000000 0.020202 -1.020202 
0.000000 0.000000 0.000000 0.000000 

40.000000 0.000000 0.000000 -3.000000 
0.000000 2.105263 0.000000 -3.000000 
0.000000 0.000000 0.010101 -1.020202 
0.000000 0.000000 0.000000 0.000000 

4.000000 0.000000 0.000000 -3.000000 
0.000000 20.000000 0.000000 -3.000000 
0.000000 0.000000 0.202020 -1.020202 
0.000000 0.000000 0.000000 0.000000 

4.000000 0.000000 0.000000 -3.000000 
0.000000 20.000000 0.000000 -3.000000 
0.000000 0.000000 0.020202 -1.020202 
0.000000 0.000000 0.000000 0.000000 

4.000000 0.000000 0.000000 -3.000000 
0.000000 20.000000 0.000000 -3.000000 
0.000000 0.000000 0.010101 -1.020202 
0.000000 0.000000 0.000000 0.000000 

4.000000 0.000000 0.000000 -3.000000 
0.000000 4.444445 0.000000 -3.000000 
0.000000 0.000000 0.202020 -1.020202 
0.000000 0.000000 0.000000 0.000000 

4.000000 0.000000 0.000000 -3.000000 
0.000000 4.444445 0.000000 -3.000000 
0.000000 0.000000 0.020202 -1.020202 
0.000000 0.000000 0.000000 0.000000 

4.000000 0.000000 0.000000 -3.000000 
0.000000 4.444445 0.000000 -3.000000 
0.000000 0.000000 0.010101 -1.020202 
0.000000 0.000000 0.000000 0.000000 

4.000000 0.000000 0.000000 -3.000000 
0.000000 2.105263 0.000000 -3.000000 
0.000000 0.000000 0.202020 -1.020202 
0.000000 0.000000 0.000000 0.000000 

4.000000 0.000000 0.000000 -3.000000 
0.000000 2.105263 0.000000 -3.000000 
0.000000 0.000000 0.020202 -1.020202 
0.000000 0.000000 0.000000 0.000000 

4.000000 0.000000 0.000000 -3.000000 
0.000000 2.105263 0.000000 -3.000000 
0.000000 0.000000 0.010101 -1.020202 
0.000000 0.000000 0.000000 0.000000 

2.000000 0.000000 0.000000 -3.000000 
0.000000 20.000000 0.000000 -3.000000 
0.000000 0.000000 0.202020 -1.020202 
0.000000 0.000000 0.000000 0.000000 

2.000000 0.000000 0.000000 -3.000000 
0.000000 20.000000 0.000000 -3.000000 
0.000000 0.000000 0.020202 -1.020202 
0.000000 0.000000 0.000000 0.000000 

2.000000 0.000000 0.000000 -3.000000 
0.000000 20.000000 0.000000 -3.000000 
0.000000 0.000000 0.010101 -1.020202 
0.000000 0.000000 0.000000 0.000000 

2.000000 0.000000 0.000000 -3.000000 
0.000000 4.444445 0.000000 -3.000000 
0.000000 0.000000 0.202020 -1.020202 
0.000000 0.000000 0.000000 0.000000 

2.000000 0.000000 0.000000 -3.000000 
0.000000 4.444445 0.000000 -3.000000 
0.000000 0.000000 0.020202 -1.020202 
0.000000 0.000000 0.000000 0.000000 

2.000000 0.000000 0.000000 -3.000000 
0.000000 4.444445 0.000000 -3.000000 
0.000000 0.000000 0.010101 -1.020202 
0.000000 0.000000 0.000000 0.000000 

2.000000 0.000000 0.000000 -3.000000 
0.000000 2.105263 0.000000 -3.000000 
0.000000 0.000000 0.202020 -1.020202 
0.000000 0.000000 0.000000 0.000000 

2.000000 0.000000 0.000000 -3.000000 
0.000000 2.105263 0.000000 -3.000000 
0.000000 0.000000 0.020202 -1.020202 
0.000000 0.000000 0.000000 0.000000 

2.000000 0.000000 0.000000 -3.000000 
0.000000 2.105263 0.000000 -3.000000 
0.000000 0.000000 0.010101 -1.020202 
0.000000 0.000000 0.000000 0.000000 

