20 3/4 0.01 10
20 3/4 0.01 1000
20 3/4 0.01 100000
20 3/4 0.1 10
20 3/4 0.1 1000
20 3/4 0.1 100000
20 3/4 1 10
20 3/4 1 1000
20 3/4 1 100000
20 1 0.01 10
20 1 0.01 1000
20 1 0.01 100000
20 1 0.1 10
20 1 0.1 1000
20 1 0.1 100000
20 1 1 10
20 1 1 1000
20 1 1 100000
20 1.2 0.01 10
20 1.2 0.01 1000
20 1.2 0.01 100000
20 1.2 0.1 10
20 1.2 0.1 1000
20 1.2 0.1 100000
20 1.2 1 10
20 1.2 1 1000
20 1.2 1 100000
45 3/4 0.01 10
45 3/4 0.01 1000
45 3/4 0.01 100000
45 3/4 0.1 10
45 3/4 0.1 1000
45 3/4 0.1 100000
45 3/4 1 10
45 3/4 1 1000
45 3/4 1 100000
45 1 0.01 10
45 1 0.01 1000
45 1 0.01 100000
45 1 0.1 10
45 1 0.1 1000
45 1 0.1 100000
45 1 1 10
45 1 1 1000
45 1 1 100000
45 1.2 0.01 10
45 1.2 0.01 1000
45 1.2 0.01 100000
45 1.2 0.1 10
45 1.2 0.1 1000
45 1.2 0.1 100000
45 1.2 1 10
45 1.2 1 1000
45 1.2 1 100000
60 3/4 0.01 10
60 3/4 0.01 1000
60 3/4 0.01 100000
60 3/4 0.1 10
60 3/4 0.1 1000
60 3/4 0.1 100000
60 3/4 1 10
60 3/4 1 1000
60 3/4 1 100000
60 1 0.01 10
60 1 0.01 1000
60 1 0.01 100000
60 1 0.1 10
60 1 0.1 1000
60 1 0.1 100000
60 1 1 10
60 1 1 1000
60 1 1 100000
60 1.2 0.01 10
60 1.2 0.01 1000
60 1.2 0.01 100000
60 1.2 0.1 10
60 1.2 0.1 1000
60 1.2 0.1 100000
60 1.2 1 10
60 1.2 1 1000
60 1.2 1 100000
