3.663303 0.000000 0.000000 0.000000 
0.000000 2.747477 0.000000 0.000000 
0.000000 0.000000 -1.002002 -0.020020 
0.000000 0.000000 -1.000000 0.000000 

3.663303 0.000000 0.000000 0.000000 
0.000000 2.747477 0.000000 0.000000 
0.000000 0.000000 -1.000020 -0.020000 
0.000000 0.000000 -1.000000 0.000000 

3.663303 0.000000 0.000000 0.000000 
0.000000 2.747477 0.000000 0.000000 
0.000000 0.000000 -1.000000 -0.020000 
0.000000 0.000000 -1.000000 0.000000 

3.663303 0.000000 0.000000 0.000000 
0.000000 2.747477 0.000000 0.000000 
0.000000 0.000000 -1.020202 -0.202020 
0.000000 0.000000 -1.000000 0.000000 

3.663303 0.000000 0.000000 0.000000 
0.000000 2.747477 0.000000 0.000000 
0.000000 0.000000 -1.000200 -0.200020 
0.000000 0.000000 -1.000000 0.000000 

3.663303 0.000000 0.000000 0.000000 
0.000000 2.747477 0.000000 0.000000 
0.000000 0.000000 -1.000002 -0.200000 
0.000000 0.000000 -1.000000 0.000000 

3.663303 0.000000 0.000000 0.000000 
0.000000 2.747477 0.000000 0.000000 
0.000000 0.000000 -1.222222 -2.222222 
0.000000 0.000000 -1.000000 0.000000 

3.663303 0.000000 0.000000 0.000000 
0.000000 2.747477 0.000000 0.000000 
0.000000 0.000000 -1.002002 -2.002002 
0.000000 0.000000 -1.000000 0.000000 

3.663303 0.000000 0.000000 0.000000 
0.000000 2.747477 0.000000 0.000000 
0.000000 0.000000 -1.000020 -2.000020 
0.000000 0.000000 -1.000000 0.000000 

2.747477 0.000000 0.000000 0.000000 
0.000000 2.747477 0.000000 0.000000 
0.000000 0.000000 -1.002002 -0.020020 
0.000000 0.000000 -1.000000 0.000000 

2.747477 0.000000 0.000000 0.000000 
0.000000 2.747477 0.000000 0.000000 
0.000000 0.000000 -1.000020 -0.020000 
0.000000 0.000000 -1.000000 0.000000 

2.747477 0.000000 0.000000 0.000000 
0.000000 2.747477 0.000000 0.000000 
0.000000 0.000000 -1.000000 -0.020000 
0.000000 0.000000 -1.000000 0.000000 

2.747477 0.000000 0.000000 0.000000 
0.000000 2.747477 0.000000 0.000000 
0.000000 0.000000 -1.020202 -0.202020 
0.000000 0.000000 -1.000000 0.000000 

2.747477 0.000000 0.000000 0.000000 
0.000000 2.747477 0.000000 0.000000 
0.000000 0.000000 -1.000200 -0.200020 
0.000000 0.000000 -1.000000 0.000000 

2.747477 0.000000 0.000000 0.000000 
0.000000 2.747477 0.000000 0.000000 
0.000000 0.000000 -1.000002 -0.200000 
0.000000 0.000000 -1.000000 0.000000 

2.747477 0.000000 0.000000 0.000000 
0.000000 2.747477 0.000000 0.000000 
0.000000 0.000000 -1.222222 -2.222222 
0.000000 0.000000 -1.000000 0.000000 

2.747477 0.000000 0.000000 0.000000 
0.000000 2.747477 0.000000 0.000000 
0.000000 0.000000 -1.002002 -2.002002 
0.000000 0.000000 -1.000000 0.000000 

2.747477 0.000000 0.000000 0.000000 
0.000000 2.747477 0.000000 0.000000 
0.000000 0.000000 -1.000020 -2.000020 
0.000000 0.000000 -1.000000 0.000000 

2.289564 0.000000 0.000000 0.000000 
0.000000 2.747477 0.000000 0.000000 
0.000000 0.000000 -1.002002 -0.020020 
0.000000 0.000000 -1.000000 0.000000 

2.289564 0.000000 0.000000 0.000000 
0.000000 2.747477 0.000000 0.000000 
0.000000 0.000000 -1.000020 -0.020000 
0.000000 0.000000 -1.000000 0.000000 

2.289564 0.000000 0.000000 0.000000 
0.000000 2.747477 0.000000 0.000000 
0.000000 0.000000 -1.000000 -0.020000 
0.000000 0.000000 -1.000000 0.000000 

2.289564 0.000000 0.000000 0.000000 
0.000000 2.747477 0.000000 0.000000 
0.000000 0.000000 -1.020202 -0.202020 
0.000000 0.000000 -1.000000 0.000000 

2.289564 0.000000 0.000000 0.000000 
0.000000 2.747477 0.000000 0.000000 
0.000000 0.000000 -1.000200 -0.200020 
0.000000 0.000000 -1.000000 0.000000 

2.289564 0.000000 0.000000 0.000000 
0.000000 2.747477 0.000000 0.000000 
0.000000 0.000000 -1.000002 -0.200000 
0.000000 0.000000 -1.000000 0.000000 

2.289564 0.000000 0.000000 0.000000 
0.000000 2.747477 0.000000 0.000000 
0.000000 0.000000 -1.222222 -2.222222 
0.000000 0.000000 -1.000000 0.000000 

2.289564 0.000000 0.000000 0.000000 
0.000000 2.747477 0.000000 0.000000 
0.000000 0.000000 -1.002002 -2.002002 
0.000000 0.000000 -1.000000 0.000000 

2.289564 0.000000 0.000000 0.000000 
0.000000 2.747477 0.000000 0.000000 
0.000000 0.000000 -1.000020 -2.000020 
0.000000 0.000000 -1.000000 0.000000 

1.333333 0.000000 0.000000 0.000000 
0.000000 1.000000 0.000000 0.000000 
0.000000 0.000000 -1.002002 -0.020020 
0.000000 0.000000 -1.000000 0.000000 

1.333333 0.000000 0.000000 0.000000 
0.000000 1.000000 0.000000 0.000000 
0.000000 0.000000 -1.000020 -0.020000 
0.000000 0.000000 -1.000000 0.000000 

1.333333 0.000000 0.000000 0.000000 
0.000000 1.000000 0.000000 0.000000 
0.000000 0.000000 -1.000000 -0.020000 
0.000000 0.000000 -1.000000 0.000000 

1.333333 0.000000 0.000000 0.000000 
0.000000 1.000000 0.000000 0.000000 
0.000000 0.000000 -1.020202 -0.202020 
0.000000 0.000000 -1.000000 0.000000 

1.333333 0.000000 0.000000 0.000000 
0.000000 1.000000 0.000000 0.000000 
0.000000 0.000000 -1.000200 -0.200020 
0.000000 0.000000 -1.000000 0.000000 

1.333333 0.000000 0.000000 0.000000 
0.000000 1.000000 0.000000 0.000000 
0.000000 0.000000 -1.000002 -0.200000 
0.000000 0.000000 -1.000000 0.000000 

1.333333 0.000000 0.000000 0.000000 
0.000000 1.000000 0.000000 0.000000 
0.000000 0.000000 -1.222222 -2.222222 
0.000000 0.000000 -1.000000 0.000000 

1.333333 0.000000 0.000000 0.000000 
0.000000 1.000000 0.000000 0.000000 
0.000000 0.000000 -1.002002 -2.002002 
0.000000 0.000000 -1.000000 0.000000 

1.333333 0.000000 0.000000 0.000000 
0.000000 1.000000 0.000000 0.000000 
0.000000 0.000000 -1.000020 -2.000020 
0.000000 0.000000 -1.000000 0.000000 

1.000000 0.000000 0.000000 0.000000 
0.000000 1.000000 0.000000 0.000000 
0.000000 0.000000 -1.002002 -0.020020 
0.000000 0.000000 -1.000000 0.000000 

1.000000 0.000000 0.000000 0.000000 
0.000000 1.000000 0.000000 0.000000 
0.000000 0.000000 -1.000020 -0.020000 
0.000000 0.000000 -1.000000 0.000000 

1.000000 0.000000 0.000000 0.000000 
0.000000 1.000000 0.000000 0.000000 
0.000000 0.000000 -1.000000 -0.020000 
0.000000 0.000000 -1.000000 0.000000 

1.000000 0.000000 0.000000 0.000000 
0.000000 1.000000 0.000000 0.000000 
0.000000 0.000000 -1.020202 -0.202020 
0.000000 0.000000 -1.000000 0.000000 

1.000000 0.000000 0.000000 0.000000 
0.000000 1.000000 0.000000 0.000000 
0.000000 0.000000 -1.000200 -0.200020 
0.000000 0.000000 -1.000000 0.000000 

1.000000 0.000000 0.000000 0.000000 
0.000000 1.000000 0.000000 0.000000 
0.000000 0.000000 -1.000002 -0.200000 
0.000000 0.000000 -1.000000 0.000000 

1.000000 0.000000 0.000000 0.000000 
0.000000 1.000000 0.000000 0.000000 
0.000000 0.000000 -1.222222 -2.222222 
0.000000 0.000000 -1.000000 0.000000 

1.000000 0.000000 0.000000 0.000000 
0.000000 1.000000 0.000000 0.000000 
0.000000 0.000000 -1.002002 -2.002002 
0.000000 0.000000 -1.000000 0.000000 

1.000000 0.000000 0.000000 0.000000 
0.000000 1.000000 0.000000 0.000000 
0.000000 0.000000 -1.000020 -2.000020 
0.000000 0.000000 -1.000000 0.000000 

0.833333 0.000000 0.000000 0.000000 
0.000000 1.000000 0.000000 0.000000 
0.000000 0.000000 -1.002002 -0.020020 
0.000000 0.000000 -1.000000 0.000000 

0.833333 0.000000 0.000000 0.000000 
0.000000 1.000000 0.000000 0.000000 
0.000000 0.000000 -1.000020 -0.020000 
0.000000 0.000000 -1.000000 0.000000 

0.833333 0.000000 0.000000 0.000000 
0.000000 1.000000 0.000000 0.000000 
0.000000 0.000000 -1.000000 -0.020000 
0.000000 0.000000 -1.000000 0.000000 

0.833333 0.000000 0.000000 0.000000 
0.000000 1.000000 0.000000 0.000000 
0.000000 0.000000 -1.020202 -0.202020 
0.000000 0.000000 -1.000000 0.000000 

0.833333 0.000000 0.000000 0.000000 
0.000000 1.000000 0.000000 0.000000 
0.000000 0.000000 -1.000200 -0.200020 
0.000000 0.000000 -1.000000 0.000000 

0.833333 0.000000 0.000000 0.000000 
0.000000 1.000000 0.000000 0.000000 
0.000000 0.000000 -1.000002 -0.200000 
0.000000 0.000000 -1.000000 0.000000 

0.833333 0.000000 0.000000 0.000000 
0.000000 1.000000 0.000000 0.000000 
0.000000 0.000000 -1.222222 -2.222222 
0.000000 0.000000 -1.000000 0.000000 

0.833333 0.000000 0.000000 0.000000 
0.000000 1.000000 0.000000 0.000000 
0.000000 0.000000 -1.002002 -2.002002 
0.000000 0.000000 -1.000000 0.000000 

0.833333 0.000000 0.000000 0.000000 
0.000000 1.000000 0.000000 0.000000 
0.000000 0.000000 -1.000020 -2.000020 
0.000000 0.000000 -1.000000 0.000000 

0.769800 0.000000 0.000000 0.000000 
0.000000 0.577350 0.000000 0.000000 
0.000000 0.000000 -1.002002 -0.020020 
0.000000 0.000000 -1.000000 0.000000 

0.769800 0.000000 0.000000 0.000000 
0.000000 0.577350 0.000000 0.000000 
0.000000 0.000000 -1.000020 -0.020000 
0.000000 0.000000 -1.000000 0.000000 

0.769800 0.000000 0.000000 0.000000 
0.000000 0.577350 0.000000 0.000000 
0.000000 0.000000 -1.000000 -0.020000 
0.000000 0.000000 -1.000000 0.000000 

0.769800 0.000000 0.000000 0.000000 
0.000000 0.577350 0.000000 0.000000 
0.000000 0.000000 -1.020202 -0.202020 
0.000000 0.000000 -1.000000 0.000000 

0.769800 0.000000 0.000000 0.000000 
0.000000 0.577350 0.000000 0.000000 
0.000000 0.000000 -1.000200 -0.200020 
0.000000 0.000000 -1.000000 0.000000 

0.769800 0.000000 0.000000 0.000000 
0.000000 0.577350 0.000000 0.000000 
0.000000 0.000000 -1.000002 -0.200000 
0.000000 0.000000 -1.000000 0.000000 

0.769800 0.000000 0.000000 0.000000 
0.000000 0.577350 0.000000 0.000000 
0.000000 0.000000 -1.222222 -2.222222 
0.000000 0.000000 -1.000000 0.000000 

0.769800 0.000000 0.000000 0.000000 
0.000000 0.577350 0.000000 0.000000 
0.000000 0.000000 -1.002002 -2.002002 
0.000000 0.000000 -1.000000 0.000000 

0.769800 0.000000 0.000000 0.000000 
0.000000 0.577350 0.000000 0.000000 
0.000000 0.000000 -1.000020 -2.000020 
0.000000 0.000000 -1.000000 0.000000 

0.577350 0.000000 0.000000 0.000000 
0.000000 0.577350 0.000000 0.000000 
0.000000 0.000000 -1.002002 -0.020020 
0.000000 0.000000 -1.000000 0.000000 

0.577350 0.000000 0.000000 0.000000 
0.000000 0.577350 0.000000 0.000000 
0.000000 0.000000 -1.000020 -0.020000 
0.000000 0.000000 -1.000000 0.000000 

0.577350 0.000000 0.000000 0.000000 
0.000000 0.577350 0.000000 0.000000 
0.000000 0.000000 -1.000000 -0.020000 
0.000000 0.000000 -1.000000 0.000000 

0.577350 0.000000 0.000000 0.000000 
0.000000 0.577350 0.000000 0.000000 
0.000000 0.000000 -1.020202 -0.202020 
0.000000 0.000000 -1.000000 0.000000 

0.577350 0.000000 0.000000 0.000000 
0.000000 0.577350 0.000000 0.000000 
0.000000 0.000000 -1.000200 -0.200020 
0.000000 0.000000 -1.000000 0.000000 

0.577350 0.000000 0.000000 0.000000 
0.000000 0.577350 0.000000 0.000000 
0.000000 0.000000 -1.000002 -0.200000 
0.000000 0.000000 -1.000000 0.000000 

0.577350 0.000000 0.000000 0.000000 
0.000000 0.577350 0.000000 0.000000 
0.000000 0.000000 -1.222222 -2.222222 
0.000000 0.000000 -1.000000 0.000000 

0.577350 0.000000 0.000000 0.000000 
0.000000 0.577350 0.000000 0.000000 
0.000000 0.000000 -1.002002 -2.002002 
0.000000 0.000000 -1.000000 0.000000 

0.577350 0.000000 0.000000 0.000000 
0.000000 0.577350 0.000000 0.000000 
0.000000 0.000000 -1.000020 -2.000020 
0.000000 0.000000 -1.000000 0.000000 

0.481125 0.000000 0.000000 0.000000 
0.000000 0.577350 0.000000 0.000000 
0.000000 0.000000 -1.002002 -0.020020 
0.000000 0.000000 -1.000000 0.000000 

0.481125 0.000000 0.000000 0.000000 
0.000000 0.577350 0.000000 0.000000 
0.000000 0.000000 -1.000020 -0.020000 
0.000000 0.000000 -1.000000 0.000000 

0.481125 0.000000 0.000000 0.000000 
0.000000 0.577350 0.000000 0.000000 
0.000000 0.000000 -1.000000 -0.020000 
0.000000 0.000000 -1.000000 0.000000 

0.481125 0.000000 0.000000 0.000000 
0.000000 0.577350 0.000000 0.000000 
0.000000 0.000000 -1.020202 -0.202020 
0.000000 0.000000 -1.000000 0.000000 

0.481125 0.000000 0.000000 0.000000 
0.000000 0.577350 0.000000 0.000000 
0.000000 0.000000 -1.000200 -0.200020 
0.000000 0.000000 -1.000000 0.000000 

0.481125 0.000000 0.000000 0.000000 
0.000000 0.577350 0.000000 0.000000 
0.000000 0.000000 -1.000002 -0.200000 
0.000000 0.000000 -1.000000 0.000000 

0.481125 0.000000 0.000000 0.000000 
0.000000 0.577350 0.000000 0.000000 
0.000000 0.000000 -1.222222 -2.222222 
0.000000 0.000000 -1.000000 0.000000 

0.481125 0.000000 0.000000 0.000000 
0.000000 0.577350 0.000000 0.000000 
0.000000 0.000000 -1.002002 -2.002002 
0.000000 0.000000 -1.000000 0.000000 

0.481125 0.000000 0.000000 0.000000 
0.000000 0.577350 0.000000 0.000000 
0.000000 0.000000 -1.000020 -2.000020 
0.000000 0.000000 -1.000000 0.000000 

