-3 -2.9 10 -1 -1 -0.6 -0.6 -1 -1 
-3 -2.9 10 -1 -1 -0.1 -0.1 -1 -1 
-3 -2.9 10 -1 -1 5 5 -1 -1 
-3 -2.9 10 -1 -5 -0.6 -0.6 -1 -5 
-3 -2.9 10 -1 -5 -0.1 -0.1 -1 -5 
-3 -2.9 10 -1 -5 5 5 -1 -5 
-3 -2.9 10 -1 0.1 -0.6 -0.6 -1 0.1 
-3 -2.9 10 -1 0.1 -0.1 -0.1 -1 0.1 
-3 -2.9 10 -1 0.1 5 5 -1 0.1 
-3 -2.9 10 -1 1 -0.6 -0.6 -1 1 
-3 -2.9 10 -1 1 -0.1 -0.1 -1 1 
-3 -2.9 10 -1 1 5 5 -1 1 
-3 -2.9 10 -0.6 -1 -0.6 -0.6 -0.6 -1 
-3 -2.9 10 -0.6 -1 -0.1 -0.1 -0.6 -1 
-3 -2.9 10 -0.6 -1 5 5 -0.6 -1 
-3 -2.9 10 -0.6 -5 -0.6 -0.6 -0.6 -5 
-3 -2.9 10 -0.6 -5 -0.1 -0.1 -0.6 -5 
-3 -2.9 10 -0.6 -5 5 5 -0.6 -5 
-3 -2.9 10 -0.6 0.1 -0.6 -0.6 -0.6 0.1 
-3 -2.9 10 -0.6 0.1 -0.1 -0.1 -0.6 0.1 
-3 -2.9 10 -0.6 0.1 5 5 -0.6 0.1 
-3 -2.9 10 -0.6 1 -0.6 -0.6 -0.6 1 
-3 -2.9 10 -0.6 1 -0.1 -0.1 -0.6 1 
-3 -2.9 10 -0.6 1 5 5 -0.6 1 
-3 -2.9 10 0 -1 -0.6 -0.6 0 -1 
-3 -2.9 10 0 -1 -0.1 -0.1 0 -1 
-3 -2.9 10 0 -1 5 5 0 -1 
-3 -2.9 10 0 -5 -0.6 -0.6 0 -5 
-3 -2.9 10 0 -5 -0.1 -0.1 0 -5 
-3 -2.9 10 0 -5 5 5 0 -5 
-3 -2.9 10 0 0.1 -0.6 -0.6 0 0.1 
-3 -2.9 10 0 0.1 -0.1 -0.1 0 0.1 
-3 -2.9 10 0 0.1 5 5 0 0.1 
-3 -2.9 10 0 1 -0.6 -0.6 0 1 
-3 -2.9 10 0 1 -0.1 -0.1 0 1 
-3 -2.9 10 0 1 5 5 0 1 
-3 -2.9 10 0.9 -1 -0.6 -0.6 0.9 -1 
-3 -2.9 10 0.9 -1 -0.1 -0.1 0.9 -1 
-3 -2.9 10 0.9 -1 5 5 0.9 -1 
-3 -2.9 10 0.9 -5 -0.6 -0.6 0.9 -5 
-3 -2.9 10 0.9 -5 -0.1 -0.1 0.9 -5 
-3 -2.9 10 0.9 -5 5 5 0.9 -5 
-3 -2.9 10 0.9 0.1 -0.6 -0.6 0.9 0.1 
-3 -2.9 10 0.9 0.1 -0.1 -0.1 0.9 0.1 
-3 -2.9 10 0.9 0.1 5 5 0.9 0.1 
-3 -2.9 10 0.9 1 -0.6 -0.6 0.9 1 
-3 -2.9 10 0.9 1 -0.1 -0.1 0.9 1 
-3 -2.9 10 0.9 1 5 5 0.9 1 
-3 -2.9 0 -1 -1 -0.6 -0.6 -1 -1 
-3 -2.9 0 -1 -1 -0.1 -0.1 -1 -1 
-3 -2.9 0 -1 -1 5 5 -1 -1 
-3 -2.9 0 -1 -5 -0.6 -0.6 -1 -5 
-3 -2.9 0 -1 -5 -0.1 -0.1 -1 -5 
-3 -2.9 0 -1 -5 5 5 -1 -5 
-3 -2.9 0 -1 0.1 -0.6 -0.6 -1 0.1 
-3 -2.9 0 -1 0.1 -0.1 -0.1 -1 0.1 
-3 -2.9 0 -1 0.1 5 5 -1 0.1 
-3 -2.9 0 -1 1 -0.6 -0.6 -1 1 
-3 -2.9 0 -1 1 -0.1 -0.1 -1 1 
-3 -2.9 0 -1 1 5 5 -1 1 
-3 -2.9 0 -0.6 -1 -0.6 -0.6 -0.6 -1 
-3 -2.9 0 -0.6 -1 -0.1 -0.1 -0.6 -1 
-3 -2.9 0 -0.6 -1 5 5 -0.6 -1 
-3 -2.9 0 -0.6 -5 -0.6 -0.6 -0.6 -5 
-3 -2.9 0 -0.6 -5 -0.1 -0.1 -0.6 -5 
-3 -2.9 0 -0.6 -5 5 5 -0.6 -5 
-3 -2.9 0 -0.6 0.1 -0.6 -0.6 -0.6 0.1 
-3 -2.9 0 -0.6 0.1 -0.1 -0.1 -0.6 0.1 
-3 -2.9 0 -0.6 0.1 5 5 -0.6 0.1 
-3 -2.9 0 -0.6 1 -0.6 -0.6 -0.6 1 
-3 -2.9 0 -0.6 1 -0.1 -0.1 -0.6 1 
-3 -2.9 0 -0.6 1 5 5 -0.6 1 
-3 -2.9 0 0 -1 -0.6 -0.6 0 -1 
-3 -2.9 0 0 -1 -0.1 -0.1 0 -1 
-3 -2.9 0 0 -1 5 5 0 -1 
-3 -2.9 0 0 -5 -0.6 -0.6 0 -5 
-3 -2.9 0 0 -5 -0.1 -0.1 0 -5 
-3 -2.9 0 0 -5 5 5 0 -5 
-3 -2.9 0 0 0.1 -0.6 -0.6 0 0.1 
-3 -2.9 0 0 0.1 -0.1 -0.1 0 0.1 
-3 -2.9 0 0 0.1 5 5 0 0.1 
-3 -2.9 0 0 1 -0.6 -0.6 0 1 
-3 -2.9 0 0 1 -0.1 -0.1 0 1 
-3 -2.9 0 0 1 5 5 0 1 
-3 -2.9 0 0.9 -1 -0.6 -0.6 0.9 -1 
-3 -2.9 0 0.9 -1 -0.1 -0.1 0.9 -1 
-3 -2.9 0 0.9 -1 5 5 0.9 -1 
-3 -2.9 0 0.9 -5 -0.6 -0.6 0.9 -5 
-3 -2.9 0 0.9 -5 -0.1 -0.1 0.9 -5 
-3 -2.9 0 0.9 -5 5 5 0.9 -5 
-3 -2.9 0 0.9 0.1 -0.6 -0.6 0.9 0.1 
-3 -2.9 0 0.9 0.1 -0.1 -0.1 0.9 0.1 
-3 -2.9 0 0.9 0.1 5 5 0.9 0.1 
-3 -2.9 0 0.9 1 -0.6 -0.6 0.9 1 
-3 -2.9 0 0.9 1 -0.1 -0.1 0.9 1 
-3 -2.9 0 0.9 1 5 5 0.9 1 
-3 -2.9 -10 -1 -1 -0.6 -0.6 -1 -1 
-3 -2.9 -10 -1 -1 -0.1 -0.1 -1 -1 
-3 -2.9 -10 -1 -1 5 5 -1 -1 
-3 -2.9 -10 -1 -5 -0.6 -0.6 -1 -5 
-3 -2.9 -10 -1 -5 -0.1 -0.1 -1 -5 
-3 -2.9 -10 -1 -5 5 5 -1 -5 
-3 -2.9 -10 -1 0.1 -0.6 -0.6 -1 0.1 
-3 -2.9 -10 -1 0.1 -0.1 -0.1 -1 0.1 
-3 -2.9 -10 -1 0.1 5 5 -1 0.1 
-3 -2.9 -10 -1 1 -0.6 -0.6 -1 1 
-3 -2.9 -10 -1 1 -0.1 -0.1 -1 1 
-3 -2.9 -10 -1 1 5 5 -1 1 
-3 -2.9 -10 -0.6 -1 -0.6 -0.6 -0.6 -1 
-3 -2.9 -10 -0.6 -1 -0.1 -0.1 -0.6 -1 
-3 -2.9 -10 -0.6 -1 5 5 -0.6 -1 
-3 -2.9 -10 -0.6 -5 -0.6 -0.6 -0.6 -5 
-3 -2.9 -10 -0.6 -5 -0.1 -0.1 -0.6 -5 
-3 -2.9 -10 -0.6 -5 5 5 -0.6 -5 
-3 -2.9 -10 -0.6 0.1 -0.6 -0.6 -0.6 0.1 
-3 -2.9 -10 -0.6 0.1 -0.1 -0.1 -0.6 0.1 
-3 -2.9 -10 -0.6 0.1 5 5 -0.6 0.1 
-3 -2.9 -10 -0.6 1 -0.6 -0.6 -0.6 1 
-3 -2.9 -10 -0.6 1 -0.1 -0.1 -0.6 1 
-3 -2.9 -10 -0.6 1 5 5 -0.6 1 
-3 -2.9 -10 0 -1 -0.6 -0.6 0 -1 
-3 -2.9 -10 0 -1 -0.1 -0.1 0 -1 
-3 -2.9 -10 0 -1 5 5 0 -1 
-3 -2.9 -10 0 -5 -0.6 -0.6 0 -5 
-3 -2.9 -10 0 -5 -0.1 -0.1 0 -5 
-3 -2.9 -10 0 -5 5 5 0 -5 
-3 -2.9 -10 0 0.1 -0.6 -0.6 0 0.1 
-3 -2.9 -10 0 0.1 -0.1 -0.1 0 0.1 
-3 -2.9 -10 0 0.1 5 5 0 0.1 
-3 -2.9 -10 0 1 -0.6 -0.6 0 1 
-3 -2.9 -10 0 1 -0.1 -0.1 0 1 
-3 -2.9 -10 0 1 5 5 0 1 
-3 -2.9 -10 0.9 -1 -0.6 -0.6 0.9 -1 
-3 -2.9 -10 0.9 -1 -0.1 -0.1 0.9 -1 
-3 -2.9 -10 0.9 -1 5 5 0.9 -1 
-3 -2.9 -10 0.9 -5 -0.6 -0.6 0.9 -5 
-3 -2.9 -10 0.9 -5 -0.1 -0.1 0.9 -5 
-3 -2.9 -10 0.9 -5 5 5 0.9 -5 
-3 -2.9 -10 0.9 0.1 -0.6 -0.6 0.9 0.1 
-3 -2.9 -10 0.9 0.1 -0.1 -0.1 0.9 0.1 
-3 -2.9 -10 0.9 0.1 5 5 0.9 0.1 
-3 -2.9 -10 0.9 1 -0.6 -0.6 0.9 1 
-3 -2.9 -10 0.9 1 -0.1 -0.1 0.9 1 
-3 -2.9 -10 0.9 1 5 5 0.9 1 
-3 -1 10 -1 -1 -0.6 -0.6 -1 -1 
-3 -1 10 -1 -1 -0.1 -0.1 -1 -1 
-3 -1 10 -1 -1 5 5 -1 -1 
-3 -1 10 -1 -5 -0.6 -0.6 -1 -5 
-3 -1 10 -1 -5 -0.1 -0.1 -1 -5 
-3 -1 10 -1 -5 5 5 -1 -5 
-3 -1 10 -1 0.1 -0.6 -0.6 -1 0.1 
-3 -1 10 -1 0.1 -0.1 -0.1 -1 0.1 
-3 -1 10 -1 0.1 5 5 -1 0.1 
-3 -1 10 -1 1 -0.6 -0.6 -1 1 
-3 -1 10 -1 1 -0.1 -0.1 -1 1 
-3 -1 10 -1 1 5 5 -1 1 
-3 -1 10 -0.6 -1 -0.6 -0.6 -0.6 -1 
-3 -1 10 -0.6 -1 -0.1 -0.1 -0.6 -1 
-3 -1 10 -0.6 -1 5 5 -0.6 -1 
-3 -1 10 -0.6 -5 -0.6 -0.6 -0.6 -5 
-3 -1 10 -0.6 -5 -0.1 -0.1 -0.6 -5 
-3 -1 10 -0.6 -5 5 5 -0.6 -5 
-3 -1 10 -0.6 0.1 -0.6 -0.6 -0.6 0.1 
-3 -1 10 -0.6 0.1 -0.1 -0.1 -0.6 0.1 
-3 -1 10 -0.6 0.1 5 5 -0.6 0.1 
-3 -1 10 -0.6 1 -0.6 -0.6 -0.6 1 
-3 -1 10 -0.6 1 -0.1 -0.1 -0.6 1 
-3 -1 10 -0.6 1 5 5 -0.6 1 
-3 -1 10 0 -1 -0.6 -0.6 0 -1 
-3 -1 10 0 -1 -0.1 -0.1 0 -1 
-3 -1 10 0 -1 5 5 0 -1 
-3 -1 10 0 -5 -0.6 -0.6 0 -5 
-3 -1 10 0 -5 -0.1 -0.1 0 -5 
-3 -1 10 0 -5 5 5 0 -5 
-3 -1 10 0 0.1 -0.6 -0.6 0 0.1 
-3 -1 10 0 0.1 -0.1 -0.1 0 0.1 
-3 -1 10 0 0.1 5 5 0 0.1 
-3 -1 10 0 1 -0.6 -0.6 0 1 
-3 -1 10 0 1 -0.1 -0.1 0 1 
-3 -1 10 0 1 5 5 0 1 
-3 -1 10 0.9 -1 -0.6 -0.6 0.9 -1 
-3 -1 10 0.9 -1 -0.1 -0.1 0.9 -1 
-3 -1 10 0.9 -1 5 5 0.9 -1 
-3 -1 10 0.9 -5 -0.6 -0.6 0.9 -5 
-3 -1 10 0.9 -5 -0.1 -0.1 0.9 -5 
-3 -1 10 0.9 -5 5 5 0.9 -5 
-3 -1 10 0.9 0.1 -0.6 -0.6 0.9 0.1 
-3 -1 10 0.9 0.1 -0.1 -0.1 0.9 0.1 
-3 -1 10 0.9 0.1 5 5 0.9 0.1 
-3 -1 10 0.9 1 -0.6 -0.6 0.9 1 
-3 -1 10 0.9 1 -0.1 -0.1 0.9 1 
-3 -1 10 0.9 1 5 5 0.9 1 
-3 -1 0 -1 -1 -0.6 -0.6 -1 -1 
-3 -1 0 -1 -1 -0.1 -0.1 -1 -1 
-3 -1 0 -1 -1 5 5 -1 -1 
-3 -1 0 -1 -5 -0.6 -0.6 -1 -5 
-3 -1 0 -1 -5 -0.1 -0.1 -1 -5 
-3 -1 0 -1 -5 5 5 -1 -5 
-3 -1 0 -1 0.1 -0.6 -0.6 -1 0.1 
-3 -1 0 -1 0.1 -0.1 -0.1 -1 0.1 
-3 -1 0 -1 0.1 5 5 -1 0.1 
-3 -1 0 -1 1 -0.6 -0.6 -1 1 
-3 -1 0 -1 1 -0.1 -0.1 -1 1 
-3 -1 0 -1 1 5 5 -1 1 
-3 -1 0 -0.6 -1 -0.6 -0.6 -0.6 -1 
-3 -1 0 -0.6 -1 -0.1 -0.1 -0.6 -1 
-3 -1 0 -0.6 -1 5 5 -0.6 -1 
-3 -1 0 -0.6 -5 -0.6 -0.6 -0.6 -5 
-3 -1 0 -0.6 -5 -0.1 -0.1 -0.6 -5 
-3 -1 0 -0.6 -5 5 5 -0.6 -5 
-3 -1 0 -0.6 0.1 -0.6 -0.6 -0.6 0.1 
-3 -1 0 -0.6 0.1 -0.1 -0.1 -0.6 0.1 
-3 -1 0 -0.6 0.1 5 5 -0.6 0.1 
-3 -1 0 -0.6 1 -0.6 -0.6 -0.6 1 
-3 -1 0 -0.6 1 -0.1 -0.1 -0.6 1 
-3 -1 0 -0.6 1 5 5 -0.6 1 
-3 -1 0 0 -1 -0.6 -0.6 0 -1 
-3 -1 0 0 -1 -0.1 -0.1 0 -1 
-3 -1 0 0 -1 5 5 0 -1 
-3 -1 0 0 -5 -0.6 -0.6 0 -5 
-3 -1 0 0 -5 -0.1 -0.1 0 -5 
-3 -1 0 0 -5 5 5 0 -5 
-3 -1 0 0 0.1 -0.6 -0.6 0 0.1 
-3 -1 0 0 0.1 -0.1 -0.1 0 0.1 
-3 -1 0 0 0.1 5 5 0 0.1 
-3 -1 0 0 1 -0.6 -0.6 0 1 
-3 -1 0 0 1 -0.1 -0.1 0 1 
-3 -1 0 0 1 5 5 0 1 
-3 -1 0 0.9 -1 -0.6 -0.6 0.9 -1 
-3 -1 0 0.9 -1 -0.1 -0.1 0.9 -1 
-3 -1 0 0.9 -1 5 5 0.9 -1 
-3 -1 0 0.9 -5 -0.6 -0.6 0.9 -5 
-3 -1 0 0.9 -5 -0.1 -0.1 0.9 -5 
-3 -1 0 0.9 -5 5 5 0.9 -5 
-3 -1 0 0.9 0.1 -0.6 -0.6 0.9 0.1 
-3 -1 0 0.9 0.1 -0.1 -0.1 0.9 0.1 
-3 -1 0 0.9 0.1 5 5 0.9 0.1 
-3 -1 0 0.9 1 -0.6 -0.6 0.9 1 
-3 -1 0 0.9 1 -0.1 -0.1 0.9 1 
-3 -1 0 0.9 1 5 5 0.9 1 
-3 -1 -10 -1 -1 -0.6 -0.6 -1 -1 
-3 -1 -10 -1 -1 -0.1 -0.1 -1 -1 
-3 -1 -10 -1 -1 5 5 -1 -1 
-3 -1 -10 -1 -5 -0.6 -0.6 -1 -5 
-3 -1 -10 -1 -5 -0.1 -0.1 -1 -5 
-3 -1 -10 -1 -5 5 5 -1 -5 
-3 -1 -10 -1 0.1 -0.6 -0.6 -1 0.1 
-3 -1 -10 -1 0.1 -0.1 -0.1 -1 0.1 
-3 -1 -10 -1 0.1 5 5 -1 0.1 
-3 -1 -10 -1 1 -0.6 -0.6 -1 1 
-3 -1 -10 -1 1 -0.1 -0.1 -1 1 
-3 -1 -10 -1 1 5 5 -1 1 
-3 -1 -10 -0.6 -1 -0.6 -0.6 -0.6 -1 
-3 -1 -10 -0.6 -1 -0.1 -0.1 -0.6 -1 
-3 -1 -10 -0.6 -1 5 5 -0.6 -1 
-3 -1 -10 -0.6 -5 -0.6 -0.6 -0.6 -5 
-3 -1 -10 -0.6 -5 -0.1 -0.1 -0.6 -5 
-3 -1 -10 -0.6 -5 5 5 -0.6 -5 
-3 -1 -10 -0.6 0.1 -0.6 -0.6 -0.6 0.1 
-3 -1 -10 -0.6 0.1 -0.1 -0.1 -0.6 0.1 
-3 -1 -10 -0.6 0.1 5 5 -0.6 0.1 
-3 -1 -10 -0.6 1 -0.6 -0.6 -0.6 1 
-3 -1 -10 -0.6 1 -0.1 -0.1 -0.6 1 
-3 -1 -10 -0.6 1 5 5 -0.6 1 
-3 -1 -10 0 -1 -0.6 -0.6 0 -1 
-3 -1 -10 0 -1 -0.1 -0.1 0 -1 
-3 -1 -10 0 -1 5 5 0 -1 
-3 -1 -10 0 -5 -0.6 -0.6 0 -5 
-3 -1 -10 0 -5 -0.1 -0.1 0 -5 
-3 -1 -10 0 -5 5 5 0 -5 
-3 -1 -10 0 0.1 -0.6 -0.6 0 0.1 
-3 -1 -10 0 0.1 -0.1 -0.1 0 0.1 
-3 -1 -10 0 0.1 5 5 0 0.1 
-3 -1 -10 0 1 -0.6 -0.6 0 1 
-3 -1 -10 0 1 -0.1 -0.1 0 1 
-3 -1 -10 0 1 5 5 0 1 
-3 -1 -10 0.9 -1 -0.6 -0.6 0.9 -1 
-3 -1 -10 0.9 -1 -0.1 -0.1 0.9 -1 
-3 -1 -10 0.9 -1 5 5 0.9 -1 
-3 -1 -10 0.9 -5 -0.6 -0.6 0.9 -5 
-3 -1 -10 0.9 -5 -0.1 -0.1 0.9 -5 
-3 -1 -10 0.9 -5 5 5 0.9 -5 
-3 -1 -10 0.9 0.1 -0.6 -0.6 0.9 0.1 
-3 -1 -10 0.9 0.1 -0.1 -0.1 0.9 0.1 
-3 -1 -10 0.9 0.1 5 5 0.9 0.1 
-3 -1 -10 0.9 1 -0.6 -0.6 0.9 1 
-3 -1 -10 0.9 1 -0.1 -0.1 0.9 1 
-3 -1 -10 0.9 1 5 5 0.9 1 
-3 0.1 10 -1 -1 -0.6 -0.6 -1 -1 
-3 0.1 10 -1 -1 -0.1 -0.1 -1 -1 
-3 0.1 10 -1 -1 5 5 -1 -1 
-3 0.1 10 -1 -5 -0.6 -0.6 -1 -5 
-3 0.1 10 -1 -5 -0.1 -0.1 -1 -5 
-3 0.1 10 -1 -5 5 5 -1 -5 
-3 0.1 10 -1 0.1 -0.6 -0.6 -1 0.1 
-3 0.1 10 -1 0.1 -0.1 -0.1 -1 0.1 
-3 0.1 10 -1 0.1 5 5 -1 0.1 
-3 0.1 10 -1 1 -0.6 -0.6 -1 1 
-3 0.1 10 -1 1 -0.1 -0.1 -1 1 
-3 0.1 10 -1 1 5 5 -1 1 
-3 0.1 10 -0.6 -1 -0.6 -0.6 -0.6 -1 
-3 0.1 10 -0.6 -1 -0.1 -0.1 -0.6 -1 
-3 0.1 10 -0.6 -1 5 5 -0.6 -1 
-3 0.1 10 -0.6 -5 -0.6 -0.6 -0.6 -5 
-3 0.1 10 -0.6 -5 -0.1 -0.1 -0.6 -5 
-3 0.1 10 -0.6 -5 5 5 -0.6 -5 
-3 0.1 10 -0.6 0.1 -0.6 -0.6 -0.6 0.1 
-3 0.1 10 -0.6 0.1 -0.1 -0.1 -0.6 0.1 
-3 0.1 10 -0.6 0.1 5 5 -0.6 0.1 
-3 0.1 10 -0.6 1 -0.6 -0.6 -0.6 1 
-3 0.1 10 -0.6 1 -0.1 -0.1 -0.6 1 
-3 0.1 10 -0.6 1 5 5 -0.6 1 
-3 0.1 10 0 -1 -0.6 -0.6 0 -1 
-3 0.1 10 0 -1 -0.1 -0.1 0 -1 
-3 0.1 10 0 -1 5 5 0 -1 
-3 0.1 10 0 -5 -0.6 -0.6 0 -5 
-3 0.1 10 0 -5 -0.1 -0.1 0 -5 
-3 0.1 10 0 -5 5 5 0 -5 
-3 0.1 10 0 0.1 -0.6 -0.6 0 0.1 
-3 0.1 10 0 0.1 -0.1 -0.1 0 0.1 
-3 0.1 10 0 0.1 5 5 0 0.1 
-3 0.1 10 0 1 -0.6 -0.6 0 1 
-3 0.1 10 0 1 -0.1 -0.1 0 1 
-3 0.1 10 0 1 5 5 0 1 
-3 0.1 10 0.9 -1 -0.6 -0.6 0.9 -1 
-3 0.1 10 0.9 -1 -0.1 -0.1 0.9 -1 
-3 0.1 10 0.9 -1 5 5 0.9 -1 
-3 0.1 10 0.9 -5 -0.6 -0.6 0.9 -5 
-3 0.1 10 0.9 -5 -0.1 -0.1 0.9 -5 
-3 0.1 10 0.9 -5 5 5 0.9 -5 
-3 0.1 10 0.9 0.1 -0.6 -0.6 0.9 0.1 
-3 0.1 10 0.9 0.1 -0.1 -0.1 0.9 0.1 
-3 0.1 10 0.9 0.1 5 5 0.9 0.1 
-3 0.1 10 0.9 1 -0.6 -0.6 0.9 1 
-3 0.1 10 0.9 1 -0.1 -0.1 0.9 1 
-3 0.1 10 0.9 1 5 5 0.9 1 
-3 0.1 0 -1 -1 -0.6 -0.6 -1 -1 
-3 0.1 0 -1 -1 -0.1 -0.1 -1 -1 
-3 0.1 0 -1 -1 5 5 -1 -1 
-3 0.1 0 -1 -5 -0.6 -0.6 -1 -5 
-3 0.1 0 -1 -5 -0.1 -0.1 -1 -5 
-3 0.1 0 -1 -5 5 5 -1 -5 
-3 0.1 0 -1 0.1 -0.6 -0.6 -1 0.1 
-3 0.1 0 -1 0.1 -0.1 -0.1 -1 0.1 
-3 0.1 0 -1 0.1 5 5 -1 0.1 
-3 0.1 0 -1 1 -0.6 -0.6 -1 1 
-3 0.1 0 -1 1 -0.1 -0.1 -1 1 
-3 0.1 0 -1 1 5 5 -1 1 
-3 0.1 0 -0.6 -1 -0.6 -0.6 -0.6 -1 
-3 0.1 0 -0.6 -1 -0.1 -0.1 -0.6 -1 
-3 0.1 0 -0.6 -1 5 5 -0.6 -1 
-3 0.1 0 -0.6 -5 -0.6 -0.6 -0.6 -5 
-3 0.1 0 -0.6 -5 -0.1 -0.1 -0.6 -5 
-3 0.1 0 -0.6 -5 5 5 -0.6 -5 
-3 0.1 0 -0.6 0.1 -0.6 -0.6 -0.6 0.1 
-3 0.1 0 -0.6 0.1 -0.1 -0.1 -0.6 0.1 
-3 0.1 0 -0.6 0.1 5 5 -0.6 0.1 
-3 0.1 0 -0.6 1 -0.6 -0.6 -0.6 1 
-3 0.1 0 -0.6 1 -0.1 -0.1 -0.6 1 
-3 0.1 0 -0.6 1 5 5 -0.6 1 
-3 0.1 0 0 -1 -0.6 -0.6 0 -1 
-3 0.1 0 0 -1 -0.1 -0.1 0 -1 
-3 0.1 0 0 -1 5 5 0 -1 
-3 0.1 0 0 -5 -0.6 -0.6 0 -5 
-3 0.1 0 0 -5 -0.1 -0.1 0 -5 
-3 0.1 0 0 -5 5 5 0 -5 
-3 0.1 0 0 0.1 -0.6 -0.6 0 0.1 
-3 0.1 0 0 0.1 -0.1 -0.1 0 0.1 
-3 0.1 0 0 0.1 5 5 0 0.1 
-3 0.1 0 0 1 -0.6 -0.6 0 1 
-3 0.1 0 0 1 -0.1 -0.1 0 1 
-3 0.1 0 0 1 5 5 0 1 
-3 0.1 0 0.9 -1 -0.6 -0.6 0.9 -1 
-3 0.1 0 0.9 -1 -0.1 -0.1 0.9 -1 
-3 0.1 0 0.9 -1 5 5 0.9 -1 
-3 0.1 0 0.9 -5 -0.6 -0.6 0.9 -5 
-3 0.1 0 0.9 -5 -0.1 -0.1 0.9 -5 
-3 0.1 0 0.9 -5 5 5 0.9 -5 
-3 0.1 0 0.9 0.1 -0.6 -0.6 0.9 0.1 
-3 0.1 0 0.9 0.1 -0.1 -0.1 0.9 0.1 
-3 0.1 0 0.9 0.1 5 5 0.9 0.1 
-3 0.1 0 0.9 1 -0.6 -0.6 0.9 1 
-3 0.1 0 0.9 1 -0.1 -0.1 0.9 1 
-3 0.1 0 0.9 1 5 5 0.9 1 
-3 0.1 -10 -1 -1 -0.6 -0.6 -1 -1 
-3 0.1 -10 -1 -1 -0.1 -0.1 -1 -1 
-3 0.1 -10 -1 -1 5 5 -1 -1 
-3 0.1 -10 -1 -5 -0.6 -0.6 -1 -5 
-3 0.1 -10 -1 -5 -0.1 -0.1 -1 -5 
-3 0.1 -10 -1 -5 5 5 -1 -5 
-3 0.1 -10 -1 0.1 -0.6 -0.6 -1 0.1 
-3 0.1 -10 -1 0.1 -0.1 -0.1 -1 0.1 
-3 0.1 -10 -1 0.1 5 5 -1 0.1 
-3 0.1 -10 -1 1 -0.6 -0.6 -1 1 
-3 0.1 -10 -1 1 -0.1 -0.1 -1 1 
-3 0.1 -10 -1 1 5 5 -1 1 
-3 0.1 -10 -0.6 -1 -0.6 -0.6 -0.6 -1 
-3 0.1 -10 -0.6 -1 -0.1 -0.1 -0.6 -1 
-3 0.1 -10 -0.6 -1 5 5 -0.6 -1 
-3 0.1 -10 -0.6 -5 -0.6 -0.6 -0.6 -5 
-3 0.1 -10 -0.6 -5 -0.1 -0.1 -0.6 -5 
-3 0.1 -10 -0.6 -5 5 5 -0.6 -5 
-3 0.1 -10 -0.6 0.1 -0.6 -0.6 -0.6 0.1 
-3 0.1 -10 -0.6 0.1 -0.1 -0.1 -0.6 0.1 
-3 0.1 -10 -0.6 0.1 5 5 -0.6 0.1 
-3 0.1 -10 -0.6 1 -0.6 -0.6 -0.6 1 
-3 0.1 -10 -0.6 1 -0.1 -0.1 -0.6 1 
-3 0.1 -10 -0.6 1 5 5 -0.6 1 
-3 0.1 -10 0 -1 -0.6 -0.6 0 -1 
-3 0.1 -10 0 -1 -0.1 -0.1 0 -1 
-3 0.1 -10 0 -1 5 5 0 -1 
-3 0.1 -10 0 -5 -0.6 -0.6 0 -5 
-3 0.1 -10 0 -5 -0.1 -0.1 0 -5 
-3 0.1 -10 0 -5 5 5 0 -5 
-3 0.1 -10 0 0.1 -0.6 -0.6 0 0.1 
-3 0.1 -10 0 0.1 -0.1 -0.1 0 0.1 
-3 0.1 -10 0 0.1 5 5 0 0.1 
-3 0.1 -10 0 1 -0.6 -0.6 0 1 
-3 0.1 -10 0 1 -0.1 -0.1 0 1 
-3 0.1 -10 0 1 5 5 0 1 
-3 0.1 -10 0.9 -1 -0.6 -0.6 0.9 -1 
-3 0.1 -10 0.9 -1 -0.1 -0.1 0.9 -1 
-3 0.1 -10 0.9 -1 5 5 0.9 -1 
-3 0.1 -10 0.9 -5 -0.6 -0.6 0.9 -5 
-3 0.1 -10 0.9 -5 -0.1 -0.1 0.9 -5 
-3 0.1 -10 0.9 -5 5 5 0.9 -5 
-3 0.1 -10 0.9 0.1 -0.6 -0.6 0.9 0.1 
-3 0.1 -10 0.9 0.1 -0.1 -0.1 0.9 0.1 
-3 0.1 -10 0.9 0.1 5 5 0.9 0.1 
-3 0.1 -10 0.9 1 -0.6 -0.6 0.9 1 
-3 0.1 -10 0.9 1 -0.1 -0.1 0.9 1 
-3 0.1 -10 0.9 1 5 5 0.9 1 
-3 1.5 10 -1 -1 -0.6 -0.6 -1 -1 
-3 1.5 10 -1 -1 -0.1 -0.1 -1 -1 
-3 1.5 10 -1 -1 5 5 -1 -1 
-3 1.5 10 -1 -5 -0.6 -0.6 -1 -5 
-3 1.5 10 -1 -5 -0.1 -0.1 -1 -5 
-3 1.5 10 -1 -5 5 5 -1 -5 
-3 1.5 10 -1 0.1 -0.6 -0.6 -1 0.1 
-3 1.5 10 -1 0.1 -0.1 -0.1 -1 0.1 
-3 1.5 10 -1 0.1 5 5 -1 0.1 
-3 1.5 10 -1 1 -0.6 -0.6 -1 1 
-3 1.5 10 -1 1 -0.1 -0.1 -1 1 
-3 1.5 10 -1 1 5 5 -1 1 
-3 1.5 10 -0.6 -1 -0.6 -0.6 -0.6 -1 
-3 1.5 10 -0.6 -1 -0.1 -0.1 -0.6 -1 
-3 1.5 10 -0.6 -1 5 5 -0.6 -1 
-3 1.5 10 -0.6 -5 -0.6 -0.6 -0.6 -5 
-3 1.5 10 -0.6 -5 -0.1 -0.1 -0.6 -5 
-3 1.5 10 -0.6 -5 5 5 -0.6 -5 
-3 1.5 10 -0.6 0.1 -0.6 -0.6 -0.6 0.1 
-3 1.5 10 -0.6 0.1 -0.1 -0.1 -0.6 0.1 
-3 1.5 10 -0.6 0.1 5 5 -0.6 0.1 
-3 1.5 10 -0.6 1 -0.6 -0.6 -0.6 1 
-3 1.5 10 -0.6 1 -0.1 -0.1 -0.6 1 
-3 1.5 10 -0.6 1 5 5 -0.6 1 
-3 1.5 10 0 -1 -0.6 -0.6 0 -1 
-3 1.5 10 0 -1 -0.1 -0.1 0 -1 
-3 1.5 10 0 -1 5 5 0 -1 
-3 1.5 10 0 -5 -0.6 -0.6 0 -5 
-3 1.5 10 0 -5 -0.1 -0.1 0 -5 
-3 1.5 10 0 -5 5 5 0 -5 
-3 1.5 10 0 0.1 -0.6 -0.6 0 0.1 
-3 1.5 10 0 0.1 -0.1 -0.1 0 0.1 
-3 1.5 10 0 0.1 5 5 0 0.1 
-3 1.5 10 0 1 -0.6 -0.6 0 1 
-3 1.5 10 0 1 -0.1 -0.1 0 1 
-3 1.5 10 0 1 5 5 0 1 
-3 1.5 10 0.9 -1 -0.6 -0.6 0.9 -1 
-3 1.5 10 0.9 -1 -0.1 -0.1 0.9 -1 
-3 1.5 10 0.9 -1 5 5 0.9 -1 
-3 1.5 10 0.9 -5 -0.6 -0.6 0.9 -5 
-3 1.5 10 0.9 -5 -0.1 -0.1 0.9 -5 
-3 1.5 10 0.9 -5 5 5 0.9 -5 
-3 1.5 10 0.9 0.1 -0.6 -0.6 0.9 0.1 
-3 1.5 10 0.9 0.1 -0.1 -0.1 0.9 0.1 
-3 1.5 10 0.9 0.1 5 5 0.9 0.1 
-3 1.5 10 0.9 1 -0.6 -0.6 0.9 1 
-3 1.5 10 0.9 1 -0.1 -0.1 0.9 1 
-3 1.5 10 0.9 1 5 5 0.9 1 
-3 1.5 0 -1 -1 -0.6 -0.6 -1 -1 
-3 1.5 0 -1 -1 -0.1 -0.1 -1 -1 
-3 1.5 0 -1 -1 5 5 -1 -1 
-3 1.5 0 -1 -5 -0.6 -0.6 -1 -5 
-3 1.5 0 -1 -5 -0.1 -0.1 -1 -5 
-3 1.5 0 -1 -5 5 5 -1 -5 
-3 1.5 0 -1 0.1 -0.6 -0.6 -1 0.1 
-3 1.5 0 -1 0.1 -0.1 -0.1 -1 0.1 
-3 1.5 0 -1 0.1 5 5 -1 0.1 
-3 1.5 0 -1 1 -0.6 -0.6 -1 1 
-3 1.5 0 -1 1 -0.1 -0.1 -1 1 
-3 1.5 0 -1 1 5 5 -1 1 
-3 1.5 0 -0.6 -1 -0.6 -0.6 -0.6 -1 
-3 1.5 0 -0.6 -1 -0.1 -0.1 -0.6 -1 
-3 1.5 0 -0.6 -1 5 5 -0.6 -1 
-3 1.5 0 -0.6 -5 -0.6 -0.6 -0.6 -5 
-3 1.5 0 -0.6 -5 -0.1 -0.1 -0.6 -5 
-3 1.5 0 -0.6 -5 5 5 -0.6 -5 
-3 1.5 0 -0.6 0.1 -0.6 -0.6 -0.6 0.1 
-3 1.5 0 -0.6 0.1 -0.1 -0.1 -0.6 0.1 
-3 1.5 0 -0.6 0.1 5 5 -0.6 0.1 
-3 1.5 0 -0.6 1 -0.6 -0.6 -0.6 1 
-3 1.5 0 -0.6 1 -0.1 -0.1 -0.6 1 
-3 1.5 0 -0.6 1 5 5 -0.6 1 
-3 1.5 0 0 -1 -0.6 -0.6 0 -1 
-3 1.5 0 0 -1 -0.1 -0.1 0 -1 
-3 1.5 0 0 -1 5 5 0 -1 
-3 1.5 0 0 -5 -0.6 -0.6 0 -5 
-3 1.5 0 0 -5 -0.1 -0.1 0 -5 
-3 1.5 0 0 -5 5 5 0 -5 
-3 1.5 0 0 0.1 -0.6 -0.6 0 0.1 
-3 1.5 0 0 0.1 -0.1 -0.1 0 0.1 
-3 1.5 0 0 0.1 5 5 0 0.1 
-3 1.5 0 0 1 -0.6 -0.6 0 1 
-3 1.5 0 0 1 -0.1 -0.1 0 1 
-3 1.5 0 0 1 5 5 0 1 
-3 1.5 0 0.9 -1 -0.6 -0.6 0.9 -1 
-3 1.5 0 0.9 -1 -0.1 -0.1 0.9 -1 
-3 1.5 0 0.9 -1 5 5 0.9 -1 
-3 1.5 0 0.9 -5 -0.6 -0.6 0.9 -5 
-3 1.5 0 0.9 -5 -0.1 -0.1 0.9 -5 
-3 1.5 0 0.9 -5 5 5 0.9 -5 
-3 1.5 0 0.9 0.1 -0.6 -0.6 0.9 0.1 
-3 1.5 0 0.9 0.1 -0.1 -0.1 0.9 0.1 
-3 1.5 0 0.9 0.1 5 5 0.9 0.1 
-3 1.5 0 0.9 1 -0.6 -0.6 0.9 1 
-3 1.5 0 0.9 1 -0.1 -0.1 0.9 1 
-3 1.5 0 0.9 1 5 5 0.9 1 
-3 1.5 -10 -1 -1 -0.6 -0.6 -1 -1 
-3 1.5 -10 -1 -1 -0.1 -0.1 -1 -1 
-3 1.5 -10 -1 -1 5 5 -1 -1 
-3 1.5 -10 -1 -5 -0.6 -0.6 -1 -5 
-3 1.5 -10 -1 -5 -0.1 -0.1 -1 -5 
-3 1.5 -10 -1 -5 5 5 -1 -5 
-3 1.5 -10 -1 0.1 -0.6 -0.6 -1 0.1 
-3 1.5 -10 -1 0.1 -0.1 -0.1 -1 0.1 
-3 1.5 -10 -1 0.1 5 5 -1 0.1 
-3 1.5 -10 -1 1 -0.6 -0.6 -1 1 
-3 1.5 -10 -1 1 -0.1 -0.1 -1 1 
-3 1.5 -10 -1 1 5 5 -1 1 
-3 1.5 -10 -0.6 -1 -0.6 -0.6 -0.6 -1 
-3 1.5 -10 -0.6 -1 -0.1 -0.1 -0.6 -1 
-3 1.5 -10 -0.6 -1 5 5 -0.6 -1 
-3 1.5 -10 -0.6 -5 -0.6 -0.6 -0.6 -5 
-3 1.5 -10 -0.6 -5 -0.1 -0.1 -0.6 -5 
-3 1.5 -10 -0.6 -5 5 5 -0.6 -5 
-3 1.5 -10 -0.6 0.1 -0.6 -0.6 -0.6 0.1 
-3 1.5 -10 -0.6 0.1 -0.1 -0.1 -0.6 0.1 
-3 1.5 -10 -0.6 0.1 5 5 -0.6 0.1 
-3 1.5 -10 -0.6 1 -0.6 -0.6 -0.6 1 
-3 1.5 -10 -0.6 1 -0.1 -0.1 -0.6 1 
-3 1.5 -10 -0.6 1 5 5 -0.6 1 
-3 1.5 -10 0 -1 -0.6 -0.6 0 -1 
-3 1.5 -10 0 -1 -0.1 -0.1 0 -1 
-3 1.5 -10 0 -1 5 5 0 -1 
-3 1.5 -10 0 -5 -0.6 -0.6 0 -5 
-3 1.5 -10 0 -5 -0.1 -0.1 0 -5 
-3 1.5 -10 0 -5 5 5 0 -5 
-3 1.5 -10 0 0.1 -0.6 -0.6 0 0.1 
-3 1.5 -10 0 0.1 -0.1 -0.1 0 0.1 
-3 1.5 -10 0 0.1 5 5 0 0.1 
-3 1.5 -10 0 1 -0.6 -0.6 0 1 
-3 1.5 -10 0 1 -0.1 -0.1 0 1 
-3 1.5 -10 0 1 5 5 0 1 
-3 1.5 -10 0.9 -1 -0.6 -0.6 0.9 -1 
-3 1.5 -10 0.9 -1 -0.1 -0.1 0.9 -1 
-3 1.5 -10 0.9 -1 5 5 0.9 -1 
-3 1.5 -10 0.9 -5 -0.6 -0.6 0.9 -5 
-3 1.5 -10 0.9 -5 -0.1 -0.1 0.9 -5 
-3 1.5 -10 0.9 -5 5 5 0.9 -5 
-3 1.5 -10 0.9 0.1 -0.6 -0.6 0.9 0.1 
-3 1.5 -10 0.9 0.1 -0.1 -0.1 0.9 0.1 
-3 1.5 -10 0.9 0.1 5 5 0.9 0.1 
-3 1.5 -10 0.9 1 -0.6 -0.6 0.9 1 
-3 1.5 -10 0.9 1 -0.1 -0.1 0.9 1 
-3 1.5 -10 0.9 1 5 5 0.9 1 
-1 -2.9 10 -1 -1 -0.6 -0.6 -1 -1 
-1 -2.9 10 -1 -1 -0.1 -0.1 -1 -1 
-1 -2.9 10 -1 -1 5 5 -1 -1 
-1 -2.9 10 -1 -5 -0.6 -0.6 -1 -5 
-1 -2.9 10 -1 -5 -0.1 -0.1 -1 -5 
-1 -2.9 10 -1 -5 5 5 -1 -5 
-1 -2.9 10 -1 0.1 -0.6 -0.6 -1 0.1 
-1 -2.9 10 -1 0.1 -0.1 -0.1 -1 0.1 
-1 -2.9 10 -1 0.1 5 5 -1 0.1 
-1 -2.9 10 -1 1 -0.6 -0.6 -1 1 
-1 -2.9 10 -1 1 -0.1 -0.1 -1 1 
-1 -2.9 10 -1 1 5 5 -1 1 
-1 -2.9 10 -0.6 -1 -0.6 -0.6 -0.6 -1 
-1 -2.9 10 -0.6 -1 -0.1 -0.1 -0.6 -1 
-1 -2.9 10 -0.6 -1 5 5 -0.6 -1 
-1 -2.9 10 -0.6 -5 -0.6 -0.6 -0.6 -5 
-1 -2.9 10 -0.6 -5 -0.1 -0.1 -0.6 -5 
-1 -2.9 10 -0.6 -5 5 5 -0.6 -5 
-1 -2.9 10 -0.6 0.1 -0.6 -0.6 -0.6 0.1 
-1 -2.9 10 -0.6 0.1 -0.1 -0.1 -0.6 0.1 
-1 -2.9 10 -0.6 0.1 5 5 -0.6 0.1 
-1 -2.9 10 -0.6 1 -0.6 -0.6 -0.6 1 
-1 -2.9 10 -0.6 1 -0.1 -0.1 -0.6 1 
-1 -2.9 10 -0.6 1 5 5 -0.6 1 
-1 -2.9 10 0 -1 -0.6 -0.6 0 -1 
-1 -2.9 10 0 -1 -0.1 -0.1 0 -1 
-1 -2.9 10 0 -1 5 5 0 -1 
-1 -2.9 10 0 -5 -0.6 -0.6 0 -5 
-1 -2.9 10 0 -5 -0.1 -0.1 0 -5 
-1 -2.9 10 0 -5 5 5 0 -5 
-1 -2.9 10 0 0.1 -0.6 -0.6 0 0.1 
-1 -2.9 10 0 0.1 -0.1 -0.1 0 0.1 
-1 -2.9 10 0 0.1 5 5 0 0.1 
-1 -2.9 10 0 1 -0.6 -0.6 0 1 
-1 -2.9 10 0 1 -0.1 -0.1 0 1 
-1 -2.9 10 0 1 5 5 0 1 
-1 -2.9 10 0.9 -1 -0.6 -0.6 0.9 -1 
-1 -2.9 10 0.9 -1 -0.1 -0.1 0.9 -1 
-1 -2.9 10 0.9 -1 5 5 0.9 -1 
-1 -2.9 10 0.9 -5 -0.6 -0.6 0.9 -5 
-1 -2.9 10 0.9 -5 -0.1 -0.1 0.9 -5 
-1 -2.9 10 0.9 -5 5 5 0.9 -5 
-1 -2.9 10 0.9 0.1 -0.6 -0.6 0.9 0.1 
-1 -2.9 10 0.9 0.1 -0.1 -0.1 0.9 0.1 
-1 -2.9 10 0.9 0.1 5 5 0.9 0.1 
-1 -2.9 10 0.9 1 -0.6 -0.6 0.9 1 
-1 -2.9 10 0.9 1 -0.1 -0.1 0.9 1 
-1 -2.9 10 0.9 1 5 5 0.9 1 
-1 -2.9 0 -1 -1 -0.6 -0.6 -1 -1 
-1 -2.9 0 -1 -1 -0.1 -0.1 -1 -1 
-1 -2.9 0 -1 -1 5 5 -1 -1 
-1 -2.9 0 -1 -5 -0.6 -0.6 -1 -5 
-1 -2.9 0 -1 -5 -0.1 -0.1 -1 -5 
-1 -2.9 0 -1 -5 5 5 -1 -5 
-1 -2.9 0 -1 0.1 -0.6 -0.6 -1 0.1 
-1 -2.9 0 -1 0.1 -0.1 -0.1 -1 0.1 
-1 -2.9 0 -1 0.1 5 5 -1 0.1 
-1 -2.9 0 -1 1 -0.6 -0.6 -1 1 
-1 -2.9 0 -1 1 -0.1 -0.1 -1 1 
-1 -2.9 0 -1 1 5 5 -1 1 
-1 -2.9 0 -0.6 -1 -0.6 -0.6 -0.6 -1 
-1 -2.9 0 -0.6 -1 -0.1 -0.1 -0.6 -1 
-1 -2.9 0 -0.6 -1 5 5 -0.6 -1 
-1 -2.9 0 -0.6 -5 -0.6 -0.6 -0.6 -5 
-1 -2.9 0 -0.6 -5 -0.1 -0.1 -0.6 -5 
-1 -2.9 0 -0.6 -5 5 5 -0.6 -5 
-1 -2.9 0 -0.6 0.1 -0.6 -0.6 -0.6 0.1 
-1 -2.9 0 -0.6 0.1 -0.1 -0.1 -0.6 0.1 
-1 -2.9 0 -0.6 0.1 5 5 -0.6 0.1 
-1 -2.9 0 -0.6 1 -0.6 -0.6 -0.6 1 
-1 -2.9 0 -0.6 1 -0.1 -0.1 -0.6 1 
-1 -2.9 0 -0.6 1 5 5 -0.6 1 
-1 -2.9 0 0 -1 -0.6 -0.6 0 -1 
-1 -2.9 0 0 -1 -0.1 -0.1 0 -1 
-1 -2.9 0 0 -1 5 5 0 -1 
-1 -2.9 0 0 -5 -0.6 -0.6 0 -5 
-1 -2.9 0 0 -5 -0.1 -0.1 0 -5 
-1 -2.9 0 0 -5 5 5 0 -5 
-1 -2.9 0 0 0.1 -0.6 -0.6 0 0.1 
-1 -2.9 0 0 0.1 -0.1 -0.1 0 0.1 
-1 -2.9 0 0 0.1 5 5 0 0.1 
-1 -2.9 0 0 1 -0.6 -0.6 0 1 
-1 -2.9 0 0 1 -0.1 -0.1 0 1 
-1 -2.9 0 0 1 5 5 0 1 
-1 -2.9 0 0.9 -1 -0.6 -0.6 0.9 -1 
-1 -2.9 0 0.9 -1 -0.1 -0.1 0.9 -1 
-1 -2.9 0 0.9 -1 5 5 0.9 -1 
-1 -2.9 0 0.9 -5 -0.6 -0.6 0.9 -5 
-1 -2.9 0 0.9 -5 -0.1 -0.1 0.9 -5 
-1 -2.9 0 0.9 -5 5 5 0.9 -5 
-1 -2.9 0 0.9 0.1 -0.6 -0.6 0.9 0.1 
-1 -2.9 0 0.9 0.1 -0.1 -0.1 0.9 0.1 
-1 -2.9 0 0.9 0.1 5 5 0.9 0.1 
-1 -2.9 0 0.9 1 -0.6 -0.6 0.9 1 
-1 -2.9 0 0.9 1 -0.1 -0.1 0.9 1 
-1 -2.9 0 0.9 1 5 5 0.9 1 
-1 -2.9 -10 -1 -1 -0.6 -0.6 -1 -1 
-1 -2.9 -10 -1 -1 -0.1 -0.1 -1 -1 
-1 -2.9 -10 -1 -1 5 5 -1 -1 
-1 -2.9 -10 -1 -5 -0.6 -0.6 -1 -5 
-1 -2.9 -10 -1 -5 -0.1 -0.1 -1 -5 
-1 -2.9 -10 -1 -5 5 5 -1 -5 
-1 -2.9 -10 -1 0.1 -0.6 -0.6 -1 0.1 
-1 -2.9 -10 -1 0.1 -0.1 -0.1 -1 0.1 
-1 -2.9 -10 -1 0.1 5 5 -1 0.1 
-1 -2.9 -10 -1 1 -0.6 -0.6 -1 1 
-1 -2.9 -10 -1 1 -0.1 -0.1 -1 1 
-1 -2.9 -10 -1 1 5 5 -1 1 
-1 -2.9 -10 -0.6 -1 -0.6 -0.6 -0.6 -1 
-1 -2.9 -10 -0.6 -1 -0.1 -0.1 -0.6 -1 
-1 -2.9 -10 -0.6 -1 5 5 -0.6 -1 
-1 -2.9 -10 -0.6 -5 -0.6 -0.6 -0.6 -5 
-1 -2.9 -10 -0.6 -5 -0.1 -0.1 -0.6 -5 
-1 -2.9 -10 -0.6 -5 5 5 -0.6 -5 
-1 -2.9 -10 -0.6 0.1 -0.6 -0.6 -0.6 0.1 
-1 -2.9 -10 -0.6 0.1 -0.1 -0.1 -0.6 0.1 
-1 -2.9 -10 -0.6 0.1 5 5 -0.6 0.1 
-1 -2.9 -10 -0.6 1 -0.6 -0.6 -0.6 1 
-1 -2.9 -10 -0.6 1 -0.1 -0.1 -0.6 1 
-1 -2.9 -10 -0.6 1 5 5 -0.6 1 
-1 -2.9 -10 0 -1 -0.6 -0.6 0 -1 
-1 -2.9 -10 0 -1 -0.1 -0.1 0 -1 
-1 -2.9 -10 0 -1 5 5 0 -1 
-1 -2.9 -10 0 -5 -0.6 -0.6 0 -5 
-1 -2.9 -10 0 -5 -0.1 -0.1 0 -5 
-1 -2.9 -10 0 -5 5 5 0 -5 
-1 -2.9 -10 0 0.1 -0.6 -0.6 0 0.1 
-1 -2.9 -10 0 0.1 -0.1 -0.1 0 0.1 
-1 -2.9 -10 0 0.1 5 5 0 0.1 
-1 -2.9 -10 0 1 -0.6 -0.6 0 1 
-1 -2.9 -10 0 1 -0.1 -0.1 0 1 
-1 -2.9 -10 0 1 5 5 0 1 
-1 -2.9 -10 0.9 -1 -0.6 -0.6 0.9 -1 
-1 -2.9 -10 0.9 -1 -0.1 -0.1 0.9 -1 
-1 -2.9 -10 0.9 -1 5 5 0.9 -1 
-1 -2.9 -10 0.9 -5 -0.6 -0.6 0.9 -5 
-1 -2.9 -10 0.9 -5 -0.1 -0.1 0.9 -5 
-1 -2.9 -10 0.9 -5 5 5 0.9 -5 
-1 -2.9 -10 0.9 0.1 -0.6 -0.6 0.9 0.1 
-1 -2.9 -10 0.9 0.1 -0.1 -0.1 0.9 0.1 
-1 -2.9 -10 0.9 0.1 5 5 0.9 0.1 
-1 -2.9 -10 0.9 1 -0.6 -0.6 0.9 1 
-1 -2.9 -10 0.9 1 -0.1 -0.1 0.9 1 
-1 -2.9 -10 0.9 1 5 5 0.9 1 
-1 -1 10 -1 -1 -0.6 -0.6 -1 -1 
-1 -1 10 -1 -1 -0.1 -0.1 -1 -1 
-1 -1 10 -1 -1 5 5 -1 -1 
-1 -1 10 -1 -5 -0.6 -0.6 -1 -5 
-1 -1 10 -1 -5 -0.1 -0.1 -1 -5 
-1 -1 10 -1 -5 5 5 -1 -5 
-1 -1 10 -1 0.1 -0.6 -0.6 -1 0.1 
-1 -1 10 -1 0.1 -0.1 -0.1 -1 0.1 
-1 -1 10 -1 0.1 5 5 -1 0.1 
-1 -1 10 -1 1 -0.6 -0.6 -1 1 
-1 -1 10 -1 1 -0.1 -0.1 -1 1 
-1 -1 10 -1 1 5 5 -1 1 
-1 -1 10 -0.6 -1 -0.6 -0.6 -0.6 -1 
-1 -1 10 -0.6 -1 -0.1 -0.1 -0.6 -1 
-1 -1 10 -0.6 -1 5 5 -0.6 -1 
-1 -1 10 -0.6 -5 -0.6 -0.6 -0.6 -5 
-1 -1 10 -0.6 -5 -0.1 -0.1 -0.6 -5 
-1 -1 10 -0.6 -5 5 5 -0.6 -5 
-1 -1 10 -0.6 0.1 -0.6 -0.6 -0.6 0.1 
-1 -1 10 -0.6 0.1 -0.1 -0.1 -0.6 0.1 
-1 -1 10 -0.6 0.1 5 5 -0.6 0.1 
-1 -1 10 -0.6 1 -0.6 -0.6 -0.6 1 
-1 -1 10 -0.6 1 -0.1 -0.1 -0.6 1 
-1 -1 10 -0.6 1 5 5 -0.6 1 
-1 -1 10 0 -1 -0.6 -0.6 0 -1 
-1 -1 10 0 -1 -0.1 -0.1 0 -1 
-1 -1 10 0 -1 5 5 0 -1 
-1 -1 10 0 -5 -0.6 -0.6 0 -5 
-1 -1 10 0 -5 -0.1 -0.1 0 -5 
-1 -1 10 0 -5 5 5 0 -5 
-1 -1 10 0 0.1 -0.6 -0.6 0 0.1 
-1 -1 10 0 0.1 -0.1 -0.1 0 0.1 
-1 -1 10 0 0.1 5 5 0 0.1 
-1 -1 10 0 1 -0.6 -0.6 0 1 
-1 -1 10 0 1 -0.1 -0.1 0 1 
-1 -1 10 0 1 5 5 0 1 
-1 -1 10 0.9 -1 -0.6 -0.6 0.9 -1 
-1 -1 10 0.9 -1 -0.1 -0.1 0.9 -1 
-1 -1 10 0.9 -1 5 5 0.9 -1 
-1 -1 10 0.9 -5 -0.6 -0.6 0.9 -5 
-1 -1 10 0.9 -5 -0.1 -0.1 0.9 -5 
-1 -1 10 0.9 -5 5 5 0.9 -5 
-1 -1 10 0.9 0.1 -0.6 -0.6 0.9 0.1 
-1 -1 10 0.9 0.1 -0.1 -0.1 0.9 0.1 
-1 -1 10 0.9 0.1 5 5 0.9 0.1 
-1 -1 10 0.9 1 -0.6 -0.6 0.9 1 
-1 -1 10 0.9 1 -0.1 -0.1 0.9 1 
-1 -1 10 0.9 1 5 5 0.9 1 
-1 -1 0 -1 -1 -0.6 -0.6 -1 -1 
-1 -1 0 -1 -1 -0.1 -0.1 -1 -1 
-1 -1 0 -1 -1 5 5 -1 -1 
-1 -1 0 -1 -5 -0.6 -0.6 -1 -5 
-1 -1 0 -1 -5 -0.1 -0.1 -1 -5 
-1 -1 0 -1 -5 5 5 -1 -5 
-1 -1 0 -1 0.1 -0.6 -0.6 -1 0.1 
-1 -1 0 -1 0.1 -0.1 -0.1 -1 0.1 
-1 -1 0 -1 0.1 5 5 -1 0.1 
-1 -1 0 -1 1 -0.6 -0.6 -1 1 
-1 -1 0 -1 1 -0.1 -0.1 -1 1 
-1 -1 0 -1 1 5 5 -1 1 
-1 -1 0 -0.6 -1 -0.6 -0.6 -0.6 -1 
-1 -1 0 -0.6 -1 -0.1 -0.1 -0.6 -1 
-1 -1 0 -0.6 -1 5 5 -0.6 -1 
-1 -1 0 -0.6 -5 -0.6 -0.6 -0.6 -5 
-1 -1 0 -0.6 -5 -0.1 -0.1 -0.6 -5 
-1 -1 0 -0.6 -5 5 5 -0.6 -5 
-1 -1 0 -0.6 0.1 -0.6 -0.6 -0.6 0.1 
-1 -1 0 -0.6 0.1 -0.1 -0.1 -0.6 0.1 
-1 -1 0 -0.6 0.1 5 5 -0.6 0.1 
-1 -1 0 -0.6 1 -0.6 -0.6 -0.6 1 
-1 -1 0 -0.6 1 -0.1 -0.1 -0.6 1 
-1 -1 0 -0.6 1 5 5 -0.6 1 
-1 -1 0 0 -1 -0.6 -0.6 0 -1 
-1 -1 0 0 -1 -0.1 -0.1 0 -1 
-1 -1 0 0 -1 5 5 0 -1 
-1 -1 0 0 -5 -0.6 -0.6 0 -5 
-1 -1 0 0 -5 -0.1 -0.1 0 -5 
-1 -1 0 0 -5 5 5 0 -5 
-1 -1 0 0 0.1 -0.6 -0.6 0 0.1 
-1 -1 0 0 0.1 -0.1 -0.1 0 0.1 
-1 -1 0 0 0.1 5 5 0 0.1 
-1 -1 0 0 1 -0.6 -0.6 0 1 
-1 -1 0 0 1 -0.1 -0.1 0 1 
-1 -1 0 0 1 5 5 0 1 
-1 -1 0 0.9 -1 -0.6 -0.6 0.9 -1 
-1 -1 0 0.9 -1 -0.1 -0.1 0.9 -1 
-1 -1 0 0.9 -1 5 5 0.9 -1 
-1 -1 0 0.9 -5 -0.6 -0.6 0.9 -5 
-1 -1 0 0.9 -5 -0.1 -0.1 0.9 -5 
-1 -1 0 0.9 -5 5 5 0.9 -5 
-1 -1 0 0.9 0.1 -0.6 -0.6 0.9 0.1 
-1 -1 0 0.9 0.1 -0.1 -0.1 0.9 0.1 
-1 -1 0 0.9 0.1 5 5 0.9 0.1 
-1 -1 0 0.9 1 -0.6 -0.6 0.9 1 
-1 -1 0 0.9 1 -0.1 -0.1 0.9 1 
-1 -1 0 0.9 1 5 5 0.9 1 
-1 -1 -10 -1 -1 -0.6 -0.6 -1 -1 
-1 -1 -10 -1 -1 -0.1 -0.1 -1 -1 
-1 -1 -10 -1 -1 5 5 -1 -1 
-1 -1 -10 -1 -5 -0.6 -0.6 -1 -5 
-1 -1 -10 -1 -5 -0.1 -0.1 -1 -5 
-1 -1 -10 -1 -5 5 5 -1 -5 
-1 -1 -10 -1 0.1 -0.6 -0.6 -1 0.1 
-1 -1 -10 -1 0.1 -0.1 -0.1 -1 0.1 
-1 -1 -10 -1 0.1 5 5 -1 0.1 
-1 -1 -10 -1 1 -0.6 -0.6 -1 1 
-1 -1 -10 -1 1 -0.1 -0.1 -1 1 
-1 -1 -10 -1 1 5 5 -1 1 
-1 -1 -10 -0.6 -1 -0.6 -0.6 -0.6 -1 
-1 -1 -10 -0.6 -1 -0.1 -0.1 -0.6 -1 
-1 -1 -10 -0.6 -1 5 5 -0.6 -1 
-1 -1 -10 -0.6 -5 -0.6 -0.6 -0.6 -5 
-1 -1 -10 -0.6 -5 -0.1 -0.1 -0.6 -5 
-1 -1 -10 -0.6 -5 5 5 -0.6 -5 
-1 -1 -10 -0.6 0.1 -0.6 -0.6 -0.6 0.1 
-1 -1 -10 -0.6 0.1 -0.1 -0.1 -0.6 0.1 
-1 -1 -10 -0.6 0.1 5 5 -0.6 0.1 
-1 -1 -10 -0.6 1 -0.6 -0.6 -0.6 1 
-1 -1 -10 -0.6 1 -0.1 -0.1 -0.6 1 
-1 -1 -10 -0.6 1 5 5 -0.6 1 
-1 -1 -10 0 -1 -0.6 -0.6 0 -1 
-1 -1 -10 0 -1 -0.1 -0.1 0 -1 
-1 -1 -10 0 -1 5 5 0 -1 
-1 -1 -10 0 -5 -0.6 -0.6 0 -5 
-1 -1 -10 0 -5 -0.1 -0.1 0 -5 
-1 -1 -10 0 -5 5 5 0 -5 
-1 -1 -10 0 0.1 -0.6 -0.6 0 0.1 
-1 -1 -10 0 0.1 -0.1 -0.1 0 0.1 
-1 -1 -10 0 0.1 5 5 0 0.1 
-1 -1 -10 0 1 -0.6 -0.6 0 1 
-1 -1 -10 0 1 -0.1 -0.1 0 1 
-1 -1 -10 0 1 5 5 0 1 
-1 -1 -10 0.9 -1 -0.6 -0.6 0.9 -1 
-1 -1 -10 0.9 -1 -0.1 -0.1 0.9 -1 
-1 -1 -10 0.9 -1 5 5 0.9 -1 
-1 -1 -10 0.9 -5 -0.6 -0.6 0.9 -5 
-1 -1 -10 0.9 -5 -0.1 -0.1 0.9 -5 
-1 -1 -10 0.9 -5 5 5 0.9 -5 
-1 -1 -10 0.9 0.1 -0.6 -0.6 0.9 0.1 
-1 -1 -10 0.9 0.1 -0.1 -0.1 0.9 0.1 
-1 -1 -10 0.9 0.1 5 5 0.9 0.1 
-1 -1 -10 0.9 1 -0.6 -0.6 0.9 1 
-1 -1 -10 0.9 1 -0.1 -0.1 0.9 1 
-1 -1 -10 0.9 1 5 5 0.9 1 
-1 0.1 10 -1 -1 -0.6 -0.6 -1 -1 
-1 0.1 10 -1 -1 -0.1 -0.1 -1 -1 
-1 0.1 10 -1 -1 5 5 -1 -1 
-1 0.1 10 -1 -5 -0.6 -0.6 -1 -5 
-1 0.1 10 -1 -5 -0.1 -0.1 -1 -5 
-1 0.1 10 -1 -5 5 5 -1 -5 
-1 0.1 10 -1 0.1 -0.6 -0.6 -1 0.1 
-1 0.1 10 -1 0.1 -0.1 -0.1 -1 0.1 
-1 0.1 10 -1 0.1 5 5 -1 0.1 
-1 0.1 10 -1 1 -0.6 -0.6 -1 1 
-1 0.1 10 -1 1 -0.1 -0.1 -1 1 
-1 0.1 10 -1 1 5 5 -1 1 
-1 0.1 10 -0.6 -1 -0.6 -0.6 -0.6 -1 
-1 0.1 10 -0.6 -1 -0.1 -0.1 -0.6 -1 
-1 0.1 10 -0.6 -1 5 5 -0.6 -1 
-1 0.1 10 -0.6 -5 -0.6 -0.6 -0.6 -5 
-1 0.1 10 -0.6 -5 -0.1 -0.1 -0.6 -5 
-1 0.1 10 -0.6 -5 5 5 -0.6 -5 
-1 0.1 10 -0.6 0.1 -0.6 -0.6 -0.6 0.1 
-1 0.1 10 -0.6 0.1 -0.1 -0.1 -0.6 0.1 
-1 0.1 10 -0.6 0.1 5 5 -0.6 0.1 
-1 0.1 10 -0.6 1 -0.6 -0.6 -0.6 1 
-1 0.1 10 -0.6 1 -0.1 -0.1 -0.6 1 
-1 0.1 10 -0.6 1 5 5 -0.6 1 
-1 0.1 10 0 -1 -0.6 -0.6 0 -1 
-1 0.1 10 0 -1 -0.1 -0.1 0 -1 
-1 0.1 10 0 -1 5 5 0 -1 
-1 0.1 10 0 -5 -0.6 -0.6 0 -5 
-1 0.1 10 0 -5 -0.1 -0.1 0 -5 
-1 0.1 10 0 -5 5 5 0 -5 
-1 0.1 10 0 0.1 -0.6 -0.6 0 0.1 
-1 0.1 10 0 0.1 -0.1 -0.1 0 0.1 
-1 0.1 10 0 0.1 5 5 0 0.1 
-1 0.1 10 0 1 -0.6 -0.6 0 1 
-1 0.1 10 0 1 -0.1 -0.1 0 1 
-1 0.1 10 0 1 5 5 0 1 
-1 0.1 10 0.9 -1 -0.6 -0.6 0.9 -1 
-1 0.1 10 0.9 -1 -0.1 -0.1 0.9 -1 
-1 0.1 10 0.9 -1 5 5 0.9 -1 
-1 0.1 10 0.9 -5 -0.6 -0.6 0.9 -5 
-1 0.1 10 0.9 -5 -0.1 -0.1 0.9 -5 
-1 0.1 10 0.9 -5 5 5 0.9 -5 
-1 0.1 10 0.9 0.1 -0.6 -0.6 0.9 0.1 
-1 0.1 10 0.9 0.1 -0.1 -0.1 0.9 0.1 
-1 0.1 10 0.9 0.1 5 5 0.9 0.1 
-1 0.1 10 0.9 1 -0.6 -0.6 0.9 1 
-1 0.1 10 0.9 1 -0.1 -0.1 0.9 1 
-1 0.1 10 0.9 1 5 5 0.9 1 
-1 0.1 0 -1 -1 -0.6 -0.6 -1 -1 
-1 0.1 0 -1 -1 -0.1 -0.1 -1 -1 
-1 0.1 0 -1 -1 5 5 -1 -1 
-1 0.1 0 -1 -5 -0.6 -0.6 -1 -5 
-1 0.1 0 -1 -5 -0.1 -0.1 -1 -5 
-1 0.1 0 -1 -5 5 5 -1 -5 
-1 0.1 0 -1 0.1 -0.6 -0.6 -1 0.1 
-1 0.1 0 -1 0.1 -0.1 -0.1 -1 0.1 
-1 0.1 0 -1 0.1 5 5 -1 0.1 
-1 0.1 0 -1 1 -0.6 -0.6 -1 1 
-1 0.1 0 -1 1 -0.1 -0.1 -1 1 
-1 0.1 0 -1 1 5 5 -1 1 
-1 0.1 0 -0.6 -1 -0.6 -0.6 -0.6 -1 
-1 0.1 0 -0.6 -1 -0.1 -0.1 -0.6 -1 
-1 0.1 0 -0.6 -1 5 5 -0.6 -1 
-1 0.1 0 -0.6 -5 -0.6 -0.6 -0.6 -5 
-1 0.1 0 -0.6 -5 -0.1 -0.1 -0.6 -5 
-1 0.1 0 -0.6 -5 5 5 -0.6 -5 
-1 0.1 0 -0.6 0.1 -0.6 -0.6 -0.6 0.1 
-1 0.1 0 -0.6 0.1 -0.1 -0.1 -0.6 0.1 
-1 0.1 0 -0.6 0.1 5 5 -0.6 0.1 
-1 0.1 0 -0.6 1 -0.6 -0.6 -0.6 1 
-1 0.1 0 -0.6 1 -0.1 -0.1 -0.6 1 
-1 0.1 0 -0.6 1 5 5 -0.6 1 
-1 0.1 0 0 -1 -0.6 -0.6 0 -1 
-1 0.1 0 0 -1 -0.1 -0.1 0 -1 
-1 0.1 0 0 -1 5 5 0 -1 
-1 0.1 0 0 -5 -0.6 -0.6 0 -5 
-1 0.1 0 0 -5 -0.1 -0.1 0 -5 
-1 0.1 0 0 -5 5 5 0 -5 
-1 0.1 0 0 0.1 -0.6 -0.6 0 0.1 
-1 0.1 0 0 0.1 -0.1 -0.1 0 0.1 
-1 0.1 0 0 0.1 5 5 0 0.1 
-1 0.1 0 0 1 -0.6 -0.6 0 1 
-1 0.1 0 0 1 -0.1 -0.1 0 1 
-1 0.1 0 0 1 5 5 0 1 
-1 0.1 0 0.9 -1 -0.6 -0.6 0.9 -1 
-1 0.1 0 0.9 -1 -0.1 -0.1 0.9 -1 
-1 0.1 0 0.9 -1 5 5 0.9 -1 
-1 0.1 0 0.9 -5 -0.6 -0.6 0.9 -5 
-1 0.1 0 0.9 -5 -0.1 -0.1 0.9 -5 
-1 0.1 0 0.9 -5 5 5 0.9 -5 
-1 0.1 0 0.9 0.1 -0.6 -0.6 0.9 0.1 
-1 0.1 0 0.9 0.1 -0.1 -0.1 0.9 0.1 
-1 0.1 0 0.9 0.1 5 5 0.9 0.1 
-1 0.1 0 0.9 1 -0.6 -0.6 0.9 1 
-1 0.1 0 0.9 1 -0.1 -0.1 0.9 1 
-1 0.1 0 0.9 1 5 5 0.9 1 
-1 0.1 -10 -1 -1 -0.6 -0.6 -1 -1 
-1 0.1 -10 -1 -1 -0.1 -0.1 -1 -1 
-1 0.1 -10 -1 -1 5 5 -1 -1 
-1 0.1 -10 -1 -5 -0.6 -0.6 -1 -5 
-1 0.1 -10 -1 -5 -0.1 -0.1 -1 -5 
-1 0.1 -10 -1 -5 5 5 -1 -5 
-1 0.1 -10 -1 0.1 -0.6 -0.6 -1 0.1 
-1 0.1 -10 -1 0.1 -0.1 -0.1 -1 0.1 
-1 0.1 -10 -1 0.1 5 5 -1 0.1 
-1 0.1 -10 -1 1 -0.6 -0.6 -1 1 
-1 0.1 -10 -1 1 -0.1 -0.1 -1 1 
-1 0.1 -10 -1 1 5 5 -1 1 
-1 0.1 -10 -0.6 -1 -0.6 -0.6 -0.6 -1 
-1 0.1 -10 -0.6 -1 -0.1 -0.1 -0.6 -1 
-1 0.1 -10 -0.6 -1 5 5 -0.6 -1 
-1 0.1 -10 -0.6 -5 -0.6 -0.6 -0.6 -5 
-1 0.1 -10 -0.6 -5 -0.1 -0.1 -0.6 -5 
-1 0.1 -10 -0.6 -5 5 5 -0.6 -5 
-1 0.1 -10 -0.6 0.1 -0.6 -0.6 -0.6 0.1 
-1 0.1 -10 -0.6 0.1 -0.1 -0.1 -0.6 0.1 
-1 0.1 -10 -0.6 0.1 5 5 -0.6 0.1 
-1 0.1 -10 -0.6 1 -0.6 -0.6 -0.6 1 
-1 0.1 -10 -0.6 1 -0.1 -0.1 -0.6 1 
-1 0.1 -10 -0.6 1 5 5 -0.6 1 
-1 0.1 -10 0 -1 -0.6 -0.6 0 -1 
-1 0.1 -10 0 -1 -0.1 -0.1 0 -1 
-1 0.1 -10 0 -1 5 5 0 -1 
-1 0.1 -10 0 -5 -0.6 -0.6 0 -5 
-1 0.1 -10 0 -5 -0.1 -0.1 0 -5 
-1 0.1 -10 0 -5 5 5 0 -5 
-1 0.1 -10 0 0.1 -0.6 -0.6 0 0.1 
-1 0.1 -10 0 0.1 -0.1 -0.1 0 0.1 
-1 0.1 -10 0 0.1 5 5 0 0.1 
-1 0.1 -10 0 1 -0.6 -0.6 0 1 
-1 0.1 -10 0 1 -0.1 -0.1 0 1 
-1 0.1 -10 0 1 5 5 0 1 
-1 0.1 -10 0.9 -1 -0.6 -0.6 0.9 -1 
-1 0.1 -10 0.9 -1 -0.1 -0.1 0.9 -1 
-1 0.1 -10 0.9 -1 5 5 0.9 -1 
-1 0.1 -10 0.9 -5 -0.6 -0.6 0.9 -5 
-1 0.1 -10 0.9 -5 -0.1 -0.1 0.9 -5 
-1 0.1 -10 0.9 -5 5 5 0.9 -5 
-1 0.1 -10 0.9 0.1 -0.6 -0.6 0.9 0.1 
-1 0.1 -10 0.9 0.1 -0.1 -0.1 0.9 0.1 
-1 0.1 -10 0.9 0.1 5 5 0.9 0.1 
-1 0.1 -10 0.9 1 -0.6 -0.6 0.9 1 
-1 0.1 -10 0.9 1 -0.1 -0.1 0.9 1 
-1 0.1 -10 0.9 1 5 5 0.9 1 
-1 1.5 10 -1 -1 -0.6 -0.6 -1 -1 
-1 1.5 10 -1 -1 -0.1 -0.1 -1 -1 
-1 1.5 10 -1 -1 5 5 -1 -1 
-1 1.5 10 -1 -5 -0.6 -0.6 -1 -5 
-1 1.5 10 -1 -5 -0.1 -0.1 -1 -5 
-1 1.5 10 -1 -5 5 5 -1 -5 
-1 1.5 10 -1 0.1 -0.6 -0.6 -1 0.1 
-1 1.5 10 -1 0.1 -0.1 -0.1 -1 0.1 
-1 1.5 10 -1 0.1 5 5 -1 0.1 
-1 1.5 10 -1 1 -0.6 -0.6 -1 1 
-1 1.5 10 -1 1 -0.1 -0.1 -1 1 
-1 1.5 10 -1 1 5 5 -1 1 
-1 1.5 10 -0.6 -1 -0.6 -0.6 -0.6 -1 
-1 1.5 10 -0.6 -1 -0.1 -0.1 -0.6 -1 
-1 1.5 10 -0.6 -1 5 5 -0.6 -1 
-1 1.5 10 -0.6 -5 -0.6 -0.6 -0.6 -5 
-1 1.5 10 -0.6 -5 -0.1 -0.1 -0.6 -5 
-1 1.5 10 -0.6 -5 5 5 -0.6 -5 
-1 1.5 10 -0.6 0.1 -0.6 -0.6 -0.6 0.1 
-1 1.5 10 -0.6 0.1 -0.1 -0.1 -0.6 0.1 
-1 1.5 10 -0.6 0.1 5 5 -0.6 0.1 
-1 1.5 10 -0.6 1 -0.6 -0.6 -0.6 1 
-1 1.5 10 -0.6 1 -0.1 -0.1 -0.6 1 
-1 1.5 10 -0.6 1 5 5 -0.6 1 
-1 1.5 10 0 -1 -0.6 -0.6 0 -1 
-1 1.5 10 0 -1 -0.1 -0.1 0 -1 
-1 1.5 10 0 -1 5 5 0 -1 
-1 1.5 10 0 -5 -0.6 -0.6 0 -5 
-1 1.5 10 0 -5 -0.1 -0.1 0 -5 
-1 1.5 10 0 -5 5 5 0 -5 
-1 1.5 10 0 0.1 -0.6 -0.6 0 0.1 
-1 1.5 10 0 0.1 -0.1 -0.1 0 0.1 
-1 1.5 10 0 0.1 5 5 0 0.1 
-1 1.5 10 0 1 -0.6 -0.6 0 1 
-1 1.5 10 0 1 -0.1 -0.1 0 1 
-1 1.5 10 0 1 5 5 0 1 
-1 1.5 10 0.9 -1 -0.6 -0.6 0.9 -1 
-1 1.5 10 0.9 -1 -0.1 -0.1 0.9 -1 
-1 1.5 10 0.9 -1 5 5 0.9 -1 
-1 1.5 10 0.9 -5 -0.6 -0.6 0.9 -5 
-1 1.5 10 0.9 -5 -0.1 -0.1 0.9 -5 
-1 1.5 10 0.9 -5 5 5 0.9 -5 
-1 1.5 10 0.9 0.1 -0.6 -0.6 0.9 0.1 
-1 1.5 10 0.9 0.1 -0.1 -0.1 0.9 0.1 
-1 1.5 10 0.9 0.1 5 5 0.9 0.1 
-1 1.5 10 0.9 1 -0.6 -0.6 0.9 1 
-1 1.5 10 0.9 1 -0.1 -0.1 0.9 1 
-1 1.5 10 0.9 1 5 5 0.9 1 
-1 1.5 0 -1 -1 -0.6 -0.6 -1 -1 
-1 1.5 0 -1 -1 -0.1 -0.1 -1 -1 
-1 1.5 0 -1 -1 5 5 -1 -1 
-1 1.5 0 -1 -5 -0.6 -0.6 -1 -5 
-1 1.5 0 -1 -5 -0.1 -0.1 -1 -5 
-1 1.5 0 -1 -5 5 5 -1 -5 
-1 1.5 0 -1 0.1 -0.6 -0.6 -1 0.1 
-1 1.5 0 -1 0.1 -0.1 -0.1 -1 0.1 
-1 1.5 0 -1 0.1 5 5 -1 0.1 
-1 1.5 0 -1 1 -0.6 -0.6 -1 1 
-1 1.5 0 -1 1 -0.1 -0.1 -1 1 
-1 1.5 0 -1 1 5 5 -1 1 
-1 1.5 0 -0.6 -1 -0.6 -0.6 -0.6 -1 
-1 1.5 0 -0.6 -1 -0.1 -0.1 -0.6 -1 
-1 1.5 0 -0.6 -1 5 5 -0.6 -1 
-1 1.5 0 -0.6 -5 -0.6 -0.6 -0.6 -5 
-1 1.5 0 -0.6 -5 -0.1 -0.1 -0.6 -5 
-1 1.5 0 -0.6 -5 5 5 -0.6 -5 
-1 1.5 0 -0.6 0.1 -0.6 -0.6 -0.6 0.1 
-1 1.5 0 -0.6 0.1 -0.1 -0.1 -0.6 0.1 
-1 1.5 0 -0.6 0.1 5 5 -0.6 0.1 
-1 1.5 0 -0.6 1 -0.6 -0.6 -0.6 1 
-1 1.5 0 -0.6 1 -0.1 -0.1 -0.6 1 
-1 1.5 0 -0.6 1 5 5 -0.6 1 
-1 1.5 0 0 -1 -0.6 -0.6 0 -1 
-1 1.5 0 0 -1 -0.1 -0.1 0 -1 
-1 1.5 0 0 -1 5 5 0 -1 
-1 1.5 0 0 -5 -0.6 -0.6 0 -5 
-1 1.5 0 0 -5 -0.1 -0.1 0 -5 
-1 1.5 0 0 -5 5 5 0 -5 
-1 1.5 0 0 0.1 -0.6 -0.6 0 0.1 
-1 1.5 0 0 0.1 -0.1 -0.1 0 0.1 
-1 1.5 0 0 0.1 5 5 0 0.1 
-1 1.5 0 0 1 -0.6 -0.6 0 1 
-1 1.5 0 0 1 -0.1 -0.1 0 1 
-1 1.5 0 0 1 5 5 0 1 
-1 1.5 0 0.9 -1 -0.6 -0.6 0.9 -1 
-1 1.5 0 0.9 -1 -0.1 -0.1 0.9 -1 
-1 1.5 0 0.9 -1 5 5 0.9 -1 
-1 1.5 0 0.9 -5 -0.6 -0.6 0.9 -5 
-1 1.5 0 0.9 -5 -0.1 -0.1 0.9 -5 
-1 1.5 0 0.9 -5 5 5 0.9 -5 
-1 1.5 0 0.9 0.1 -0.6 -0.6 0.9 0.1 
-1 1.5 0 0.9 0.1 -0.1 -0.1 0.9 0.1 
-1 1.5 0 0.9 0.1 5 5 0.9 0.1 
-1 1.5 0 0.9 1 -0.6 -0.6 0.9 1 
-1 1.5 0 0.9 1 -0.1 -0.1 0.9 1 
-1 1.5 0 0.9 1 5 5 0.9 1 
-1 1.5 -10 -1 -1 -0.6 -0.6 -1 -1 
-1 1.5 -10 -1 -1 -0.1 -0.1 -1 -1 
-1 1.5 -10 -1 -1 5 5 -1 -1 
-1 1.5 -10 -1 -5 -0.6 -0.6 -1 -5 
-1 1.5 -10 -1 -5 -0.1 -0.1 -1 -5 
-1 1.5 -10 -1 -5 5 5 -1 -5 
-1 1.5 -10 -1 0.1 -0.6 -0.6 -1 0.1 
-1 1.5 -10 -1 0.1 -0.1 -0.1 -1 0.1 
-1 1.5 -10 -1 0.1 5 5 -1 0.1 
-1 1.5 -10 -1 1 -0.6 -0.6 -1 1 
-1 1.5 -10 -1 1 -0.1 -0.1 -1 1 
-1 1.5 -10 -1 1 5 5 -1 1 
-1 1.5 -10 -0.6 -1 -0.6 -0.6 -0.6 -1 
-1 1.5 -10 -0.6 -1 -0.1 -0.1 -0.6 -1 
-1 1.5 -10 -0.6 -1 5 5 -0.6 -1 
-1 1.5 -10 -0.6 -5 -0.6 -0.6 -0.6 -5 
-1 1.5 -10 -0.6 -5 -0.1 -0.1 -0.6 -5 
-1 1.5 -10 -0.6 -5 5 5 -0.6 -5 
-1 1.5 -10 -0.6 0.1 -0.6 -0.6 -0.6 0.1 
-1 1.5 -10 -0.6 0.1 -0.1 -0.1 -0.6 0.1 
-1 1.5 -10 -0.6 0.1 5 5 -0.6 0.1 
-1 1.5 -10 -0.6 1 -0.6 -0.6 -0.6 1 
-1 1.5 -10 -0.6 1 -0.1 -0.1 -0.6 1 
-1 1.5 -10 -0.6 1 5 5 -0.6 1 
-1 1.5 -10 0 -1 -0.6 -0.6 0 -1 
-1 1.5 -10 0 -1 -0.1 -0.1 0 -1 
-1 1.5 -10 0 -1 5 5 0 -1 
-1 1.5 -10 0 -5 -0.6 -0.6 0 -5 
-1 1.5 -10 0 -5 -0.1 -0.1 0 -5 
-1 1.5 -10 0 -5 5 5 0 -5 
-1 1.5 -10 0 0.1 -0.6 -0.6 0 0.1 
-1 1.5 -10 0 0.1 -0.1 -0.1 0 0.1 
-1 1.5 -10 0 0.1 5 5 0 0.1 
-1 1.5 -10 0 1 -0.6 -0.6 0 1 
-1 1.5 -10 0 1 -0.1 -0.1 0 1 
-1 1.5 -10 0 1 5 5 0 1 
-1 1.5 -10 0.9 -1 -0.6 -0.6 0.9 -1 
-1 1.5 -10 0.9 -1 -0.1 -0.1 0.9 -1 
-1 1.5 -10 0.9 -1 5 5 0.9 -1 
-1 1.5 -10 0.9 -5 -0.6 -0.6 0.9 -5 
-1 1.5 -10 0.9 -5 -0.1 -0.1 0.9 -5 
-1 1.5 -10 0.9 -5 5 5 0.9 -5 
-1 1.5 -10 0.9 0.1 -0.6 -0.6 0.9 0.1 
-1 1.5 -10 0.9 0.1 -0.1 -0.1 0.9 0.1 
-1 1.5 -10 0.9 0.1 5 5 0.9 0.1 
-1 1.5 -10 0.9 1 -0.6 -0.6 0.9 1 
-1 1.5 -10 0.9 1 -0.1 -0.1 0.9 1 
-1 1.5 -10 0.9 1 5 5 0.9 1 
0.01 -2.9 10 -1 -1 -0.6 -0.6 -1 -1 
0.01 -2.9 10 -1 -1 -0.1 -0.1 -1 -1 
0.01 -2.9 10 -1 -1 5 5 -1 -1 
0.01 -2.9 10 -1 -5 -0.6 -0.6 -1 -5 
0.01 -2.9 10 -1 -5 -0.1 -0.1 -1 -5 
0.01 -2.9 10 -1 -5 5 5 -1 -5 
0.01 -2.9 10 -1 0.1 -0.6 -0.6 -1 0.1 
0.01 -2.9 10 -1 0.1 -0.1 -0.1 -1 0.1 
0.01 -2.9 10 -1 0.1 5 5 -1 0.1 
0.01 -2.9 10 -1 1 -0.6 -0.6 -1 1 
0.01 -2.9 10 -1 1 -0.1 -0.1 -1 1 
0.01 -2.9 10 -1 1 5 5 -1 1 
0.01 -2.9 10 -0.6 -1 -0.6 -0.6 -0.6 -1 
0.01 -2.9 10 -0.6 -1 -0.1 -0.1 -0.6 -1 
0.01 -2.9 10 -0.6 -1 5 5 -0.6 -1 
0.01 -2.9 10 -0.6 -5 -0.6 -0.6 -0.6 -5 
0.01 -2.9 10 -0.6 -5 -0.1 -0.1 -0.6 -5 
0.01 -2.9 10 -0.6 -5 5 5 -0.6 -5 
0.01 -2.9 10 -0.6 0.1 -0.6 -0.6 -0.6 0.1 
0.01 -2.9 10 -0.6 0.1 -0.1 -0.1 -0.6 0.1 
0.01 -2.9 10 -0.6 0.1 5 5 -0.6 0.1 
0.01 -2.9 10 -0.6 1 -0.6 -0.6 -0.6 1 
0.01 -2.9 10 -0.6 1 -0.1 -0.1 -0.6 1 
0.01 -2.9 10 -0.6 1 5 5 -0.6 1 
0.01 -2.9 10 0 -1 -0.6 -0.6 0 -1 
0.01 -2.9 10 0 -1 -0.1 -0.1 0 -1 
0.01 -2.9 10 0 -1 5 5 0 -1 
0.01 -2.9 10 0 -5 -0.6 -0.6 0 -5 
0.01 -2.9 10 0 -5 -0.1 -0.1 0 -5 
0.01 -2.9 10 0 -5 5 5 0 -5 
0.01 -2.9 10 0 0.1 -0.6 -0.6 0 0.1 
0.01 -2.9 10 0 0.1 -0.1 -0.1 0 0.1 
0.01 -2.9 10 0 0.1 5 5 0 0.1 
0.01 -2.9 10 0 1 -0.6 -0.6 0 1 
0.01 -2.9 10 0 1 -0.1 -0.1 0 1 
0.01 -2.9 10 0 1 5 5 0 1 
0.01 -2.9 10 0.9 -1 -0.6 -0.6 0.9 -1 
0.01 -2.9 10 0.9 -1 -0.1 -0.1 0.9 -1 
0.01 -2.9 10 0.9 -1 5 5 0.9 -1 
0.01 -2.9 10 0.9 -5 -0.6 -0.6 0.9 -5 
0.01 -2.9 10 0.9 -5 -0.1 -0.1 0.9 -5 
0.01 -2.9 10 0.9 -5 5 5 0.9 -5 
0.01 -2.9 10 0.9 0.1 -0.6 -0.6 0.9 0.1 
0.01 -2.9 10 0.9 0.1 -0.1 -0.1 0.9 0.1 
0.01 -2.9 10 0.9 0.1 5 5 0.9 0.1 
0.01 -2.9 10 0.9 1 -0.6 -0.6 0.9 1 
0.01 -2.9 10 0.9 1 -0.1 -0.1 0.9 1 
0.01 -2.9 10 0.9 1 5 5 0.9 1 
0.01 -2.9 0 -1 -1 -0.6 -0.6 -1 -1 
0.01 -2.9 0 -1 -1 -0.1 -0.1 -1 -1 
0.01 -2.9 0 -1 -1 5 5 -1 -1 
0.01 -2.9 0 -1 -5 -0.6 -0.6 -1 -5 
0.01 -2.9 0 -1 -5 -0.1 -0.1 -1 -5 
0.01 -2.9 0 -1 -5 5 5 -1 -5 
0.01 -2.9 0 -1 0.1 -0.6 -0.6 -1 0.1 
0.01 -2.9 0 -1 0.1 -0.1 -0.1 -1 0.1 
0.01 -2.9 0 -1 0.1 5 5 -1 0.1 
0.01 -2.9 0 -1 1 -0.6 -0.6 -1 1 
0.01 -2.9 0 -1 1 -0.1 -0.1 -1 1 
0.01 -2.9 0 -1 1 5 5 -1 1 
0.01 -2.9 0 -0.6 -1 -0.6 -0.6 -0.6 -1 
0.01 -2.9 0 -0.6 -1 -0.1 -0.1 -0.6 -1 
0.01 -2.9 0 -0.6 -1 5 5 -0.6 -1 
0.01 -2.9 0 -0.6 -5 -0.6 -0.6 -0.6 -5 
0.01 -2.9 0 -0.6 -5 -0.1 -0.1 -0.6 -5 
0.01 -2.9 0 -0.6 -5 5 5 -0.6 -5 
0.01 -2.9 0 -0.6 0.1 -0.6 -0.6 -0.6 0.1 
0.01 -2.9 0 -0.6 0.1 -0.1 -0.1 -0.6 0.1 
0.01 -2.9 0 -0.6 0.1 5 5 -0.6 0.1 
0.01 -2.9 0 -0.6 1 -0.6 -0.6 -0.6 1 
0.01 -2.9 0 -0.6 1 -0.1 -0.1 -0.6 1 
0.01 -2.9 0 -0.6 1 5 5 -0.6 1 
0.01 -2.9 0 0 -1 -0.6 -0.6 0 -1 
0.01 -2.9 0 0 -1 -0.1 -0.1 0 -1 
0.01 -2.9 0 0 -1 5 5 0 -1 
0.01 -2.9 0 0 -5 -0.6 -0.6 0 -5 
0.01 -2.9 0 0 -5 -0.1 -0.1 0 -5 
0.01 -2.9 0 0 -5 5 5 0 -5 
0.01 -2.9 0 0 0.1 -0.6 -0.6 0 0.1 
0.01 -2.9 0 0 0.1 -0.1 -0.1 0 0.1 
0.01 -2.9 0 0 0.1 5 5 0 0.1 
0.01 -2.9 0 0 1 -0.6 -0.6 0 1 
0.01 -2.9 0 0 1 -0.1 -0.1 0 1 
0.01 -2.9 0 0 1 5 5 0 1 
0.01 -2.9 0 0.9 -1 -0.6 -0.6 0.9 -1 
0.01 -2.9 0 0.9 -1 -0.1 -0.1 0.9 -1 
0.01 -2.9 0 0.9 -1 5 5 0.9 -1 
0.01 -2.9 0 0.9 -5 -0.6 -0.6 0.9 -5 
0.01 -2.9 0 0.9 -5 -0.1 -0.1 0.9 -5 
0.01 -2.9 0 0.9 -5 5 5 0.9 -5 
0.01 -2.9 0 0.9 0.1 -0.6 -0.6 0.9 0.1 
0.01 -2.9 0 0.9 0.1 -0.1 -0.1 0.9 0.1 
0.01 -2.9 0 0.9 0.1 5 5 0.9 0.1 
0.01 -2.9 0 0.9 1 -0.6 -0.6 0.9 1 
0.01 -2.9 0 0.9 1 -0.1 -0.1 0.9 1 
0.01 -2.9 0 0.9 1 5 5 0.9 1 
0.01 -2.9 -10 -1 -1 -0.6 -0.6 -1 -1 
0.01 -2.9 -10 -1 -1 -0.1 -0.1 -1 -1 
0.01 -2.9 -10 -1 -1 5 5 -1 -1 
0.01 -2.9 -10 -1 -5 -0.6 -0.6 -1 -5 
0.01 -2.9 -10 -1 -5 -0.1 -0.1 -1 -5 
0.01 -2.9 -10 -1 -5 5 5 -1 -5 
0.01 -2.9 -10 -1 0.1 -0.6 -0.6 -1 0.1 
0.01 -2.9 -10 -1 0.1 -0.1 -0.1 -1 0.1 
0.01 -2.9 -10 -1 0.1 5 5 -1 0.1 
0.01 -2.9 -10 -1 1 -0.6 -0.6 -1 1 
0.01 -2.9 -10 -1 1 -0.1 -0.1 -1 1 
0.01 -2.9 -10 -1 1 5 5 -1 1 
0.01 -2.9 -10 -0.6 -1 -0.6 -0.6 -0.6 -1 
0.01 -2.9 -10 -0.6 -1 -0.1 -0.1 -0.6 -1 
0.01 -2.9 -10 -0.6 -1 5 5 -0.6 -1 
0.01 -2.9 -10 -0.6 -5 -0.6 -0.6 -0.6 -5 
0.01 -2.9 -10 -0.6 -5 -0.1 -0.1 -0.6 -5 
0.01 -2.9 -10 -0.6 -5 5 5 -0.6 -5 
0.01 -2.9 -10 -0.6 0.1 -0.6 -0.6 -0.6 0.1 
0.01 -2.9 -10 -0.6 0.1 -0.1 -0.1 -0.6 0.1 
0.01 -2.9 -10 -0.6 0.1 5 5 -0.6 0.1 
0.01 -2.9 -10 -0.6 1 -0.6 -0.6 -0.6 1 
0.01 -2.9 -10 -0.6 1 -0.1 -0.1 -0.6 1 
0.01 -2.9 -10 -0.6 1 5 5 -0.6 1 
0.01 -2.9 -10 0 -1 -0.6 -0.6 0 -1 
0.01 -2.9 -10 0 -1 -0.1 -0.1 0 -1 
0.01 -2.9 -10 0 -1 5 5 0 -1 
0.01 -2.9 -10 0 -5 -0.6 -0.6 0 -5 
0.01 -2.9 -10 0 -5 -0.1 -0.1 0 -5 
0.01 -2.9 -10 0 -5 5 5 0 -5 
0.01 -2.9 -10 0 0.1 -0.6 -0.6 0 0.1 
0.01 -2.9 -10 0 0.1 -0.1 -0.1 0 0.1 
0.01 -2.9 -10 0 0.1 5 5 0 0.1 
0.01 -2.9 -10 0 1 -0.6 -0.6 0 1 
0.01 -2.9 -10 0 1 -0.1 -0.1 0 1 
0.01 -2.9 -10 0 1 5 5 0 1 
0.01 -2.9 -10 0.9 -1 -0.6 -0.6 0.9 -1 
0.01 -2.9 -10 0.9 -1 -0.1 -0.1 0.9 -1 
0.01 -2.9 -10 0.9 -1 5 5 0.9 -1 
0.01 -2.9 -10 0.9 -5 -0.6 -0.6 0.9 -5 
0.01 -2.9 -10 0.9 -5 -0.1 -0.1 0.9 -5 
0.01 -2.9 -10 0.9 -5 5 5 0.9 -5 
0.01 -2.9 -10 0.9 0.1 -0.6 -0.6 0.9 0.1 
0.01 -2.9 -10 0.9 0.1 -0.1 -0.1 0.9 0.1 
0.01 -2.9 -10 0.9 0.1 5 5 0.9 0.1 
0.01 -2.9 -10 0.9 1 -0.6 -0.6 0.9 1 
0.01 -2.9 -10 0.9 1 -0.1 -0.1 0.9 1 
0.01 -2.9 -10 0.9 1 5 5 0.9 1 
0.01 -1 10 -1 -1 -0.6 -0.6 -1 -1 
0.01 -1 10 -1 -1 -0.1 -0.1 -1 -1 
0.01 -1 10 -1 -1 5 5 -1 -1 
0.01 -1 10 -1 -5 -0.6 -0.6 -1 -5 
0.01 -1 10 -1 -5 -0.1 -0.1 -1 -5 
0.01 -1 10 -1 -5 5 5 -1 -5 
0.01 -1 10 -1 0.1 -0.6 -0.6 -1 0.1 
0.01 -1 10 -1 0.1 -0.1 -0.1 -1 0.1 
0.01 -1 10 -1 0.1 5 5 -1 0.1 
0.01 -1 10 -1 1 -0.6 -0.6 -1 1 
0.01 -1 10 -1 1 -0.1 -0.1 -1 1 
0.01 -1 10 -1 1 5 5 -1 1 
0.01 -1 10 -0.6 -1 -0.6 -0.6 -0.6 -1 
0.01 -1 10 -0.6 -1 -0.1 -0.1 -0.6 -1 
0.01 -1 10 -0.6 -1 5 5 -0.6 -1 
0.01 -1 10 -0.6 -5 -0.6 -0.6 -0.6 -5 
0.01 -1 10 -0.6 -5 -0.1 -0.1 -0.6 -5 
0.01 -1 10 -0.6 -5 5 5 -0.6 -5 
0.01 -1 10 -0.6 0.1 -0.6 -0.6 -0.6 0.1 
0.01 -1 10 -0.6 0.1 -0.1 -0.1 -0.6 0.1 
0.01 -1 10 -0.6 0.1 5 5 -0.6 0.1 
0.01 -1 10 -0.6 1 -0.6 -0.6 -0.6 1 
0.01 -1 10 -0.6 1 -0.1 -0.1 -0.6 1 
0.01 -1 10 -0.6 1 5 5 -0.6 1 
0.01 -1 10 0 -1 -0.6 -0.6 0 -1 
0.01 -1 10 0 -1 -0.1 -0.1 0 -1 
0.01 -1 10 0 -1 5 5 0 -1 
0.01 -1 10 0 -5 -0.6 -0.6 0 -5 
0.01 -1 10 0 -5 -0.1 -0.1 0 -5 
0.01 -1 10 0 -5 5 5 0 -5 
0.01 -1 10 0 0.1 -0.6 -0.6 0 0.1 
0.01 -1 10 0 0.1 -0.1 -0.1 0 0.1 
0.01 -1 10 0 0.1 5 5 0 0.1 
0.01 -1 10 0 1 -0.6 -0.6 0 1 
0.01 -1 10 0 1 -0.1 -0.1 0 1 
0.01 -1 10 0 1 5 5 0 1 
0.01 -1 10 0.9 -1 -0.6 -0.6 0.9 -1 
0.01 -1 10 0.9 -1 -0.1 -0.1 0.9 -1 
0.01 -1 10 0.9 -1 5 5 0.9 -1 
0.01 -1 10 0.9 -5 -0.6 -0.6 0.9 -5 
0.01 -1 10 0.9 -5 -0.1 -0.1 0.9 -5 
0.01 -1 10 0.9 -5 5 5 0.9 -5 
0.01 -1 10 0.9 0.1 -0.6 -0.6 0.9 0.1 
0.01 -1 10 0.9 0.1 -0.1 -0.1 0.9 0.1 
0.01 -1 10 0.9 0.1 5 5 0.9 0.1 
0.01 -1 10 0.9 1 -0.6 -0.6 0.9 1 
0.01 -1 10 0.9 1 -0.1 -0.1 0.9 1 
0.01 -1 10 0.9 1 5 5 0.9 1 
0.01 -1 0 -1 -1 -0.6 -0.6 -1 -1 
0.01 -1 0 -1 -1 -0.1 -0.1 -1 -1 
0.01 -1 0 -1 -1 5 5 -1 -1 
0.01 -1 0 -1 -5 -0.6 -0.6 -1 -5 
0.01 -1 0 -1 -5 -0.1 -0.1 -1 -5 
0.01 -1 0 -1 -5 5 5 -1 -5 
0.01 -1 0 -1 0.1 -0.6 -0.6 -1 0.1 
0.01 -1 0 -1 0.1 -0.1 -0.1 -1 0.1 
0.01 -1 0 -1 0.1 5 5 -1 0.1 
0.01 -1 0 -1 1 -0.6 -0.6 -1 1 
0.01 -1 0 -1 1 -0.1 -0.1 -1 1 
0.01 -1 0 -1 1 5 5 -1 1 
0.01 -1 0 -0.6 -1 -0.6 -0.6 -0.6 -1 
0.01 -1 0 -0.6 -1 -0.1 -0.1 -0.6 -1 
0.01 -1 0 -0.6 -1 5 5 -0.6 -1 
0.01 -1 0 -0.6 -5 -0.6 -0.6 -0.6 -5 
0.01 -1 0 -0.6 -5 -0.1 -0.1 -0.6 -5 
0.01 -1 0 -0.6 -5 5 5 -0.6 -5 
0.01 -1 0 -0.6 0.1 -0.6 -0.6 -0.6 0.1 
0.01 -1 0 -0.6 0.1 -0.1 -0.1 -0.6 0.1 
0.01 -1 0 -0.6 0.1 5 5 -0.6 0.1 
0.01 -1 0 -0.6 1 -0.6 -0.6 -0.6 1 
0.01 -1 0 -0.6 1 -0.1 -0.1 -0.6 1 
0.01 -1 0 -0.6 1 5 5 -0.6 1 
0.01 -1 0 0 -1 -0.6 -0.6 0 -1 
0.01 -1 0 0 -1 -0.1 -0.1 0 -1 
0.01 -1 0 0 -1 5 5 0 -1 
0.01 -1 0 0 -5 -0.6 -0.6 0 -5 
0.01 -1 0 0 -5 -0.1 -0.1 0 -5 
0.01 -1 0 0 -5 5 5 0 -5 
0.01 -1 0 0 0.1 -0.6 -0.6 0 0.1 
0.01 -1 0 0 0.1 -0.1 -0.1 0 0.1 
0.01 -1 0 0 0.1 5 5 0 0.1 
0.01 -1 0 0 1 -0.6 -0.6 0 1 
0.01 -1 0 0 1 -0.1 -0.1 0 1 
0.01 -1 0 0 1 5 5 0 1 
0.01 -1 0 0.9 -1 -0.6 -0.6 0.9 -1 
0.01 -1 0 0.9 -1 -0.1 -0.1 0.9 -1 
0.01 -1 0 0.9 -1 5 5 0.9 -1 
0.01 -1 0 0.9 -5 -0.6 -0.6 0.9 -5 
0.01 -1 0 0.9 -5 -0.1 -0.1 0.9 -5 
0.01 -1 0 0.9 -5 5 5 0.9 -5 
0.01 -1 0 0.9 0.1 -0.6 -0.6 0.9 0.1 
0.01 -1 0 0.9 0.1 -0.1 -0.1 0.9 0.1 
0.01 -1 0 0.9 0.1 5 5 0.9 0.1 
0.01 -1 0 0.9 1 -0.6 -0.6 0.9 1 
0.01 -1 0 0.9 1 -0.1 -0.1 0.9 1 
0.01 -1 0 0.9 1 5 5 0.9 1 
0.01 -1 -10 -1 -1 -0.6 -0.6 -1 -1 
0.01 -1 -10 -1 -1 -0.1 -0.1 -1 -1 
0.01 -1 -10 -1 -1 5 5 -1 -1 
0.01 -1 -10 -1 -5 -0.6 -0.6 -1 -5 
0.01 -1 -10 -1 -5 -0.1 -0.1 -1 -5 
0.01 -1 -10 -1 -5 5 5 -1 -5 
0.01 -1 -10 -1 0.1 -0.6 -0.6 -1 0.1 
0.01 -1 -10 -1 0.1 -0.1 -0.1 -1 0.1 
0.01 -1 -10 -1 0.1 5 5 -1 0.1 
0.01 -1 -10 -1 1 -0.6 -0.6 -1 1 
0.01 -1 -10 -1 1 -0.1 -0.1 -1 1 
0.01 -1 -10 -1 1 5 5 -1 1 
0.01 -1 -10 -0.6 -1 -0.6 -0.6 -0.6 -1 
0.01 -1 -10 -0.6 -1 -0.1 -0.1 -0.6 -1 
0.01 -1 -10 -0.6 -1 5 5 -0.6 -1 
0.01 -1 -10 -0.6 -5 -0.6 -0.6 -0.6 -5 
0.01 -1 -10 -0.6 -5 -0.1 -0.1 -0.6 -5 
0.01 -1 -10 -0.6 -5 5 5 -0.6 -5 
0.01 -1 -10 -0.6 0.1 -0.6 -0.6 -0.6 0.1 
0.01 -1 -10 -0.6 0.1 -0.1 -0.1 -0.6 0.1 
0.01 -1 -10 -0.6 0.1 5 5 -0.6 0.1 
0.01 -1 -10 -0.6 1 -0.6 -0.6 -0.6 1 
0.01 -1 -10 -0.6 1 -0.1 -0.1 -0.6 1 
0.01 -1 -10 -0.6 1 5 5 -0.6 1 
0.01 -1 -10 0 -1 -0.6 -0.6 0 -1 
0.01 -1 -10 0 -1 -0.1 -0.1 0 -1 
0.01 -1 -10 0 -1 5 5 0 -1 
0.01 -1 -10 0 -5 -0.6 -0.6 0 -5 
0.01 -1 -10 0 -5 -0.1 -0.1 0 -5 
0.01 -1 -10 0 -5 5 5 0 -5 
0.01 -1 -10 0 0.1 -0.6 -0.6 0 0.1 
0.01 -1 -10 0 0.1 -0.1 -0.1 0 0.1 
0.01 -1 -10 0 0.1 5 5 0 0.1 
0.01 -1 -10 0 1 -0.6 -0.6 0 1 
0.01 -1 -10 0 1 -0.1 -0.1 0 1 
0.01 -1 -10 0 1 5 5 0 1 
0.01 -1 -10 0.9 -1 -0.6 -0.6 0.9 -1 
0.01 -1 -10 0.9 -1 -0.1 -0.1 0.9 -1 
0.01 -1 -10 0.9 -1 5 5 0.9 -1 
0.01 -1 -10 0.9 -5 -0.6 -0.6 0.9 -5 
0.01 -1 -10 0.9 -5 -0.1 -0.1 0.9 -5 
0.01 -1 -10 0.9 -5 5 5 0.9 -5 
0.01 -1 -10 0.9 0.1 -0.6 -0.6 0.9 0.1 
0.01 -1 -10 0.9 0.1 -0.1 -0.1 0.9 0.1 
0.01 -1 -10 0.9 0.1 5 5 0.9 0.1 
0.01 -1 -10 0.9 1 -0.6 -0.6 0.9 1 
0.01 -1 -10 0.9 1 -0.1 -0.1 0.9 1 
0.01 -1 -10 0.9 1 5 5 0.9 1 
0.01 0.1 10 -1 -1 -0.6 -0.6 -1 -1 
0.01 0.1 10 -1 -1 -0.1 -0.1 -1 -1 
0.01 0.1 10 -1 -1 5 5 -1 -1 
0.01 0.1 10 -1 -5 -0.6 -0.6 -1 -5 
0.01 0.1 10 -1 -5 -0.1 -0.1 -1 -5 
0.01 0.1 10 -1 -5 5 5 -1 -5 
0.01 0.1 10 -1 0.1 -0.6 -0.6 -1 0.1 
0.01 0.1 10 -1 0.1 -0.1 -0.1 -1 0.1 
0.01 0.1 10 -1 0.1 5 5 -1 0.1 
0.01 0.1 10 -1 1 -0.6 -0.6 -1 1 
0.01 0.1 10 -1 1 -0.1 -0.1 -1 1 
0.01 0.1 10 -1 1 5 5 -1 1 
0.01 0.1 10 -0.6 -1 -0.6 -0.6 -0.6 -1 
0.01 0.1 10 -0.6 -1 -0.1 -0.1 -0.6 -1 
0.01 0.1 10 -0.6 -1 5 5 -0.6 -1 
0.01 0.1 10 -0.6 -5 -0.6 -0.6 -0.6 -5 
0.01 0.1 10 -0.6 -5 -0.1 -0.1 -0.6 -5 
0.01 0.1 10 -0.6 -5 5 5 -0.6 -5 
0.01 0.1 10 -0.6 0.1 -0.6 -0.6 -0.6 0.1 
0.01 0.1 10 -0.6 0.1 -0.1 -0.1 -0.6 0.1 
0.01 0.1 10 -0.6 0.1 5 5 -0.6 0.1 
0.01 0.1 10 -0.6 1 -0.6 -0.6 -0.6 1 
0.01 0.1 10 -0.6 1 -0.1 -0.1 -0.6 1 
0.01 0.1 10 -0.6 1 5 5 -0.6 1 
0.01 0.1 10 0 -1 -0.6 -0.6 0 -1 
0.01 0.1 10 0 -1 -0.1 -0.1 0 -1 
0.01 0.1 10 0 -1 5 5 0 -1 
0.01 0.1 10 0 -5 -0.6 -0.6 0 -5 
0.01 0.1 10 0 -5 -0.1 -0.1 0 -5 
0.01 0.1 10 0 -5 5 5 0 -5 
0.01 0.1 10 0 0.1 -0.6 -0.6 0 0.1 
0.01 0.1 10 0 0.1 -0.1 -0.1 0 0.1 
0.01 0.1 10 0 0.1 5 5 0 0.1 
0.01 0.1 10 0 1 -0.6 -0.6 0 1 
0.01 0.1 10 0 1 -0.1 -0.1 0 1 
0.01 0.1 10 0 1 5 5 0 1 
0.01 0.1 10 0.9 -1 -0.6 -0.6 0.9 -1 
0.01 0.1 10 0.9 -1 -0.1 -0.1 0.9 -1 
0.01 0.1 10 0.9 -1 5 5 0.9 -1 
0.01 0.1 10 0.9 -5 -0.6 -0.6 0.9 -5 
0.01 0.1 10 0.9 -5 -0.1 -0.1 0.9 -5 
0.01 0.1 10 0.9 -5 5 5 0.9 -5 
0.01 0.1 10 0.9 0.1 -0.6 -0.6 0.9 0.1 
0.01 0.1 10 0.9 0.1 -0.1 -0.1 0.9 0.1 
0.01 0.1 10 0.9 0.1 5 5 0.9 0.1 
0.01 0.1 10 0.9 1 -0.6 -0.6 0.9 1 
0.01 0.1 10 0.9 1 -0.1 -0.1 0.9 1 
0.01 0.1 10 0.9 1 5 5 0.9 1 
0.01 0.1 0 -1 -1 -0.6 -0.6 -1 -1 
0.01 0.1 0 -1 -1 -0.1 -0.1 -1 -1 
0.01 0.1 0 -1 -1 5 5 -1 -1 
0.01 0.1 0 -1 -5 -0.6 -0.6 -1 -5 
0.01 0.1 0 -1 -5 -0.1 -0.1 -1 -5 
0.01 0.1 0 -1 -5 5 5 -1 -5 
0.01 0.1 0 -1 0.1 -0.6 -0.6 -1 0.1 
0.01 0.1 0 -1 0.1 -0.1 -0.1 -1 0.1 
0.01 0.1 0 -1 0.1 5 5 -1 0.1 
0.01 0.1 0 -1 1 -0.6 -0.6 -1 1 
0.01 0.1 0 -1 1 -0.1 -0.1 -1 1 
0.01 0.1 0 -1 1 5 5 -1 1 
0.01 0.1 0 -0.6 -1 -0.6 -0.6 -0.6 -1 
0.01 0.1 0 -0.6 -1 -0.1 -0.1 -0.6 -1 
0.01 0.1 0 -0.6 -1 5 5 -0.6 -1 
0.01 0.1 0 -0.6 -5 -0.6 -0.6 -0.6 -5 
0.01 0.1 0 -0.6 -5 -0.1 -0.1 -0.6 -5 
0.01 0.1 0 -0.6 -5 5 5 -0.6 -5 
0.01 0.1 0 -0.6 0.1 -0.6 -0.6 -0.6 0.1 
0.01 0.1 0 -0.6 0.1 -0.1 -0.1 -0.6 0.1 
0.01 0.1 0 -0.6 0.1 5 5 -0.6 0.1 
0.01 0.1 0 -0.6 1 -0.6 -0.6 -0.6 1 
0.01 0.1 0 -0.6 1 -0.1 -0.1 -0.6 1 
0.01 0.1 0 -0.6 1 5 5 -0.6 1 
0.01 0.1 0 0 -1 -0.6 -0.6 0 -1 
0.01 0.1 0 0 -1 -0.1 -0.1 0 -1 
0.01 0.1 0 0 -1 5 5 0 -1 
0.01 0.1 0 0 -5 -0.6 -0.6 0 -5 
0.01 0.1 0 0 -5 -0.1 -0.1 0 -5 
0.01 0.1 0 0 -5 5 5 0 -5 
0.01 0.1 0 0 0.1 -0.6 -0.6 0 0.1 
0.01 0.1 0 0 0.1 -0.1 -0.1 0 0.1 
0.01 0.1 0 0 0.1 5 5 0 0.1 
0.01 0.1 0 0 1 -0.6 -0.6 0 1 
0.01 0.1 0 0 1 -0.1 -0.1 0 1 
0.01 0.1 0 0 1 5 5 0 1 
0.01 0.1 0 0.9 -1 -0.6 -0.6 0.9 -1 
0.01 0.1 0 0.9 -1 -0.1 -0.1 0.9 -1 
0.01 0.1 0 0.9 -1 5 5 0.9 -1 
0.01 0.1 0 0.9 -5 -0.6 -0.6 0.9 -5 
0.01 0.1 0 0.9 -5 -0.1 -0.1 0.9 -5 
0.01 0.1 0 0.9 -5 5 5 0.9 -5 
0.01 0.1 0 0.9 0.1 -0.6 -0.6 0.9 0.1 
0.01 0.1 0 0.9 0.1 -0.1 -0.1 0.9 0.1 
0.01 0.1 0 0.9 0.1 5 5 0.9 0.1 
0.01 0.1 0 0.9 1 -0.6 -0.6 0.9 1 
0.01 0.1 0 0.9 1 -0.1 -0.1 0.9 1 
0.01 0.1 0 0.9 1 5 5 0.9 1 
0.01 0.1 -10 -1 -1 -0.6 -0.6 -1 -1 
0.01 0.1 -10 -1 -1 -0.1 -0.1 -1 -1 
0.01 0.1 -10 -1 -1 5 5 -1 -1 
0.01 0.1 -10 -1 -5 -0.6 -0.6 -1 -5 
0.01 0.1 -10 -1 -5 -0.1 -0.1 -1 -5 
0.01 0.1 -10 -1 -5 5 5 -1 -5 
0.01 0.1 -10 -1 0.1 -0.6 -0.6 -1 0.1 
0.01 0.1 -10 -1 0.1 -0.1 -0.1 -1 0.1 
0.01 0.1 -10 -1 0.1 5 5 -1 0.1 
0.01 0.1 -10 -1 1 -0.6 -0.6 -1 1 
0.01 0.1 -10 -1 1 -0.1 -0.1 -1 1 
0.01 0.1 -10 -1 1 5 5 -1 1 
0.01 0.1 -10 -0.6 -1 -0.6 -0.6 -0.6 -1 
0.01 0.1 -10 -0.6 -1 -0.1 -0.1 -0.6 -1 
0.01 0.1 -10 -0.6 -1 5 5 -0.6 -1 
0.01 0.1 -10 -0.6 -5 -0.6 -0.6 -0.6 -5 
0.01 0.1 -10 -0.6 -5 -0.1 -0.1 -0.6 -5 
0.01 0.1 -10 -0.6 -5 5 5 -0.6 -5 
0.01 0.1 -10 -0.6 0.1 -0.6 -0.6 -0.6 0.1 
0.01 0.1 -10 -0.6 0.1 -0.1 -0.1 -0.6 0.1 
0.01 0.1 -10 -0.6 0.1 5 5 -0.6 0.1 
0.01 0.1 -10 -0.6 1 -0.6 -0.6 -0.6 1 
0.01 0.1 -10 -0.6 1 -0.1 -0.1 -0.6 1 
0.01 0.1 -10 -0.6 1 5 5 -0.6 1 
0.01 0.1 -10 0 -1 -0.6 -0.6 0 -1 
0.01 0.1 -10 0 -1 -0.1 -0.1 0 -1 
0.01 0.1 -10 0 -1 5 5 0 -1 
0.01 0.1 -10 0 -5 -0.6 -0.6 0 -5 
0.01 0.1 -10 0 -5 -0.1 -0.1 0 -5 
0.01 0.1 -10 0 -5 5 5 0 -5 
0.01 0.1 -10 0 0.1 -0.6 -0.6 0 0.1 
0.01 0.1 -10 0 0.1 -0.1 -0.1 0 0.1 
0.01 0.1 -10 0 0.1 5 5 0 0.1 
0.01 0.1 -10 0 1 -0.6 -0.6 0 1 
0.01 0.1 -10 0 1 -0.1 -0.1 0 1 
0.01 0.1 -10 0 1 5 5 0 1 
0.01 0.1 -10 0.9 -1 -0.6 -0.6 0.9 -1 
0.01 0.1 -10 0.9 -1 -0.1 -0.1 0.9 -1 
0.01 0.1 -10 0.9 -1 5 5 0.9 -1 
0.01 0.1 -10 0.9 -5 -0.6 -0.6 0.9 -5 
0.01 0.1 -10 0.9 -5 -0.1 -0.1 0.9 -5 
0.01 0.1 -10 0.9 -5 5 5 0.9 -5 
0.01 0.1 -10 0.9 0.1 -0.6 -0.6 0.9 0.1 
0.01 0.1 -10 0.9 0.1 -0.1 -0.1 0.9 0.1 
0.01 0.1 -10 0.9 0.1 5 5 0.9 0.1 
0.01 0.1 -10 0.9 1 -0.6 -0.6 0.9 1 
0.01 0.1 -10 0.9 1 -0.1 -0.1 0.9 1 
0.01 0.1 -10 0.9 1 5 5 0.9 1 
0.01 1.5 10 -1 -1 -0.6 -0.6 -1 -1 
0.01 1.5 10 -1 -1 -0.1 -0.1 -1 -1 
0.01 1.5 10 -1 -1 5 5 -1 -1 
0.01 1.5 10 -1 -5 -0.6 -0.6 -1 -5 
0.01 1.5 10 -1 -5 -0.1 -0.1 -1 -5 
0.01 1.5 10 -1 -5 5 5 -1 -5 
0.01 1.5 10 -1 0.1 -0.6 -0.6 -1 0.1 
0.01 1.5 10 -1 0.1 -0.1 -0.1 -1 0.1 
0.01 1.5 10 -1 0.1 5 5 -1 0.1 
0.01 1.5 10 -1 1 -0.6 -0.6 -1 1 
0.01 1.5 10 -1 1 -0.1 -0.1 -1 1 
0.01 1.5 10 -1 1 5 5 -1 1 
0.01 1.5 10 -0.6 -1 -0.6 -0.6 -0.6 -1 
0.01 1.5 10 -0.6 -1 -0.1 -0.1 -0.6 -1 
0.01 1.5 10 -0.6 -1 5 5 -0.6 -1 
0.01 1.5 10 -0.6 -5 -0.6 -0.6 -0.6 -5 
0.01 1.5 10 -0.6 -5 -0.1 -0.1 -0.6 -5 
0.01 1.5 10 -0.6 -5 5 5 -0.6 -5 
0.01 1.5 10 -0.6 0.1 -0.6 -0.6 -0.6 0.1 
0.01 1.5 10 -0.6 0.1 -0.1 -0.1 -0.6 0.1 
0.01 1.5 10 -0.6 0.1 5 5 -0.6 0.1 
0.01 1.5 10 -0.6 1 -0.6 -0.6 -0.6 1 
0.01 1.5 10 -0.6 1 -0.1 -0.1 -0.6 1 
0.01 1.5 10 -0.6 1 5 5 -0.6 1 
0.01 1.5 10 0 -1 -0.6 -0.6 0 -1 
0.01 1.5 10 0 -1 -0.1 -0.1 0 -1 
0.01 1.5 10 0 -1 5 5 0 -1 
0.01 1.5 10 0 -5 -0.6 -0.6 0 -5 
0.01 1.5 10 0 -5 -0.1 -0.1 0 -5 
0.01 1.5 10 0 -5 5 5 0 -5 
0.01 1.5 10 0 0.1 -0.6 -0.6 0 0.1 
0.01 1.5 10 0 0.1 -0.1 -0.1 0 0.1 
0.01 1.5 10 0 0.1 5 5 0 0.1 
0.01 1.5 10 0 1 -0.6 -0.6 0 1 
0.01 1.5 10 0 1 -0.1 -0.1 0 1 
0.01 1.5 10 0 1 5 5 0 1 
0.01 1.5 10 0.9 -1 -0.6 -0.6 0.9 -1 
0.01 1.5 10 0.9 -1 -0.1 -0.1 0.9 -1 
0.01 1.5 10 0.9 -1 5 5 0.9 -1 
0.01 1.5 10 0.9 -5 -0.6 -0.6 0.9 -5 
0.01 1.5 10 0.9 -5 -0.1 -0.1 0.9 -5 
0.01 1.5 10 0.9 -5 5 5 0.9 -5 
0.01 1.5 10 0.9 0.1 -0.6 -0.6 0.9 0.1 
0.01 1.5 10 0.9 0.1 -0.1 -0.1 0.9 0.1 
0.01 1.5 10 0.9 0.1 5 5 0.9 0.1 
0.01 1.5 10 0.9 1 -0.6 -0.6 0.9 1 
0.01 1.5 10 0.9 1 -0.1 -0.1 0.9 1 
0.01 1.5 10 0.9 1 5 5 0.9 1 
0.01 1.5 0 -1 -1 -0.6 -0.6 -1 -1 
0.01 1.5 0 -1 -1 -0.1 -0.1 -1 -1 
0.01 1.5 0 -1 -1 5 5 -1 -1 
0.01 1.5 0 -1 -5 -0.6 -0.6 -1 -5 
0.01 1.5 0 -1 -5 -0.1 -0.1 -1 -5 
0.01 1.5 0 -1 -5 5 5 -1 -5 
0.01 1.5 0 -1 0.1 -0.6 -0.6 -1 0.1 
0.01 1.5 0 -1 0.1 -0.1 -0.1 -1 0.1 
0.01 1.5 0 -1 0.1 5 5 -1 0.1 
0.01 1.5 0 -1 1 -0.6 -0.6 -1 1 
0.01 1.5 0 -1 1 -0.1 -0.1 -1 1 
0.01 1.5 0 -1 1 5 5 -1 1 
0.01 1.5 0 -0.6 -1 -0.6 -0.6 -0.6 -1 
0.01 1.5 0 -0.6 -1 -0.1 -0.1 -0.6 -1 
0.01 1.5 0 -0.6 -1 5 5 -0.6 -1 
0.01 1.5 0 -0.6 -5 -0.6 -0.6 -0.6 -5 
0.01 1.5 0 -0.6 -5 -0.1 -0.1 -0.6 -5 
0.01 1.5 0 -0.6 -5 5 5 -0.6 -5 
0.01 1.5 0 -0.6 0.1 -0.6 -0.6 -0.6 0.1 
0.01 1.5 0 -0.6 0.1 -0.1 -0.1 -0.6 0.1 
0.01 1.5 0 -0.6 0.1 5 5 -0.6 0.1 
0.01 1.5 0 -0.6 1 -0.6 -0.6 -0.6 1 
0.01 1.5 0 -0.6 1 -0.1 -0.1 -0.6 1 
0.01 1.5 0 -0.6 1 5 5 -0.6 1 
0.01 1.5 0 0 -1 -0.6 -0.6 0 -1 
0.01 1.5 0 0 -1 -0.1 -0.1 0 -1 
0.01 1.5 0 0 -1 5 5 0 -1 
0.01 1.5 0 0 -5 -0.6 -0.6 0 -5 
0.01 1.5 0 0 -5 -0.1 -0.1 0 -5 
0.01 1.5 0 0 -5 5 5 0 -5 
0.01 1.5 0 0 0.1 -0.6 -0.6 0 0.1 
0.01 1.5 0 0 0.1 -0.1 -0.1 0 0.1 
0.01 1.5 0 0 0.1 5 5 0 0.1 
0.01 1.5 0 0 1 -0.6 -0.6 0 1 
0.01 1.5 0 0 1 -0.1 -0.1 0 1 
0.01 1.5 0 0 1 5 5 0 1 
0.01 1.5 0 0.9 -1 -0.6 -0.6 0.9 -1 
0.01 1.5 0 0.9 -1 -0.1 -0.1 0.9 -1 
0.01 1.5 0 0.9 -1 5 5 0.9 -1 
0.01 1.5 0 0.9 -5 -0.6 -0.6 0.9 -5 
0.01 1.5 0 0.9 -5 -0.1 -0.1 0.9 -5 
0.01 1.5 0 0.9 -5 5 5 0.9 -5 
0.01 1.5 0 0.9 0.1 -0.6 -0.6 0.9 0.1 
0.01 1.5 0 0.9 0.1 -0.1 -0.1 0.9 0.1 
0.01 1.5 0 0.9 0.1 5 5 0.9 0.1 
0.01 1.5 0 0.9 1 -0.6 -0.6 0.9 1 
0.01 1.5 0 0.9 1 -0.1 -0.1 0.9 1 
0.01 1.5 0 0.9 1 5 5 0.9 1 
0.01 1.5 -10 -1 -1 -0.6 -0.6 -1 -1 
0.01 1.5 -10 -1 -1 -0.1 -0.1 -1 -1 
0.01 1.5 -10 -1 -1 5 5 -1 -1 
0.01 1.5 -10 -1 -5 -0.6 -0.6 -1 -5 
0.01 1.5 -10 -1 -5 -0.1 -0.1 -1 -5 
0.01 1.5 -10 -1 -5 5 5 -1 -5 
0.01 1.5 -10 -1 0.1 -0.6 -0.6 -1 0.1 
0.01 1.5 -10 -1 0.1 -0.1 -0.1 -1 0.1 
0.01 1.5 -10 -1 0.1 5 5 -1 0.1 
0.01 1.5 -10 -1 1 -0.6 -0.6 -1 1 
0.01 1.5 -10 -1 1 -0.1 -0.1 -1 1 
0.01 1.5 -10 -1 1 5 5 -1 1 
0.01 1.5 -10 -0.6 -1 -0.6 -0.6 -0.6 -1 
0.01 1.5 -10 -0.6 -1 -0.1 -0.1 -0.6 -1 
0.01 1.5 -10 -0.6 -1 5 5 -0.6 -1 
0.01 1.5 -10 -0.6 -5 -0.6 -0.6 -0.6 -5 
0.01 1.5 -10 -0.6 -5 -0.1 -0.1 -0.6 -5 
0.01 1.5 -10 -0.6 -5 5 5 -0.6 -5 
0.01 1.5 -10 -0.6 0.1 -0.6 -0.6 -0.6 0.1 
0.01 1.5 -10 -0.6 0.1 -0.1 -0.1 -0.6 0.1 
0.01 1.5 -10 -0.6 0.1 5 5 -0.6 0.1 
0.01 1.5 -10 -0.6 1 -0.6 -0.6 -0.6 1 
0.01 1.5 -10 -0.6 1 -0.1 -0.1 -0.6 1 
0.01 1.5 -10 -0.6 1 5 5 -0.6 1 
0.01 1.5 -10 0 -1 -0.6 -0.6 0 -1 
0.01 1.5 -10 0 -1 -0.1 -0.1 0 -1 
0.01 1.5 -10 0 -1 5 5 0 -1 
0.01 1.5 -10 0 -5 -0.6 -0.6 0 -5 
0.01 1.5 -10 0 -5 -0.1 -0.1 0 -5 
0.01 1.5 -10 0 -5 5 5 0 -5 
0.01 1.5 -10 0 0.1 -0.6 -0.6 0 0.1 
0.01 1.5 -10 0 0.1 -0.1 -0.1 0 0.1 
0.01 1.5 -10 0 0.1 5 5 0 0.1 
0.01 1.5 -10 0 1 -0.6 -0.6 0 1 
0.01 1.5 -10 0 1 -0.1 -0.1 0 1 
0.01 1.5 -10 0 1 5 5 0 1 
0.01 1.5 -10 0.9 -1 -0.6 -0.6 0.9 -1 
0.01 1.5 -10 0.9 -1 -0.1 -0.1 0.9 -1 
0.01 1.5 -10 0.9 -1 5 5 0.9 -1 
0.01 1.5 -10 0.9 -5 -0.6 -0.6 0.9 -5 
0.01 1.5 -10 0.9 -5 -0.1 -0.1 0.9 -5 
0.01 1.5 -10 0.9 -5 5 5 0.9 -5 
0.01 1.5 -10 0.9 0.1 -0.6 -0.6 0.9 0.1 
0.01 1.5 -10 0.9 0.1 -0.1 -0.1 0.9 0.1 
0.01 1.5 -10 0.9 0.1 5 5 0.9 0.1 
0.01 1.5 -10 0.9 1 -0.6 -0.6 0.9 1 
0.01 1.5 -10 0.9 1 -0.1 -0.1 0.9 1 
0.01 1.5 -10 0.9 1 5 5 0.9 1 
1 -2.9 10 -1 -1 -0.6 -0.6 -1 -1 
1 -2.9 10 -1 -1 -0.1 -0.1 -1 -1 
1 -2.9 10 -1 -1 5 5 -1 -1 
1 -2.9 10 -1 -5 -0.6 -0.6 -1 -5 
1 -2.9 10 -1 -5 -0.1 -0.1 -1 -5 
1 -2.9 10 -1 -5 5 5 -1 -5 
1 -2.9 10 -1 0.1 -0.6 -0.6 -1 0.1 
1 -2.9 10 -1 0.1 -0.1 -0.1 -1 0.1 
1 -2.9 10 -1 0.1 5 5 -1 0.1 
1 -2.9 10 -1 1 -0.6 -0.6 -1 1 
1 -2.9 10 -1 1 -0.1 -0.1 -1 1 
1 -2.9 10 -1 1 5 5 -1 1 
1 -2.9 10 -0.6 -1 -0.6 -0.6 -0.6 -1 
1 -2.9 10 -0.6 -1 -0.1 -0.1 -0.6 -1 
1 -2.9 10 -0.6 -1 5 5 -0.6 -1 
1 -2.9 10 -0.6 -5 -0.6 -0.6 -0.6 -5 
1 -2.9 10 -0.6 -5 -0.1 -0.1 -0.6 -5 
1 -2.9 10 -0.6 -5 5 5 -0.6 -5 
1 -2.9 10 -0.6 0.1 -0.6 -0.6 -0.6 0.1 
1 -2.9 10 -0.6 0.1 -0.1 -0.1 -0.6 0.1 
1 -2.9 10 -0.6 0.1 5 5 -0.6 0.1 
1 -2.9 10 -0.6 1 -0.6 -0.6 -0.6 1 
1 -2.9 10 -0.6 1 -0.1 -0.1 -0.6 1 
1 -2.9 10 -0.6 1 5 5 -0.6 1 
1 -2.9 10 0 -1 -0.6 -0.6 0 -1 
1 -2.9 10 0 -1 -0.1 -0.1 0 -1 
1 -2.9 10 0 -1 5 5 0 -1 
1 -2.9 10 0 -5 -0.6 -0.6 0 -5 
1 -2.9 10 0 -5 -0.1 -0.1 0 -5 
1 -2.9 10 0 -5 5 5 0 -5 
1 -2.9 10 0 0.1 -0.6 -0.6 0 0.1 
1 -2.9 10 0 0.1 -0.1 -0.1 0 0.1 
1 -2.9 10 0 0.1 5 5 0 0.1 
1 -2.9 10 0 1 -0.6 -0.6 0 1 
1 -2.9 10 0 1 -0.1 -0.1 0 1 
1 -2.9 10 0 1 5 5 0 1 
1 -2.9 10 0.9 -1 -0.6 -0.6 0.9 -1 
1 -2.9 10 0.9 -1 -0.1 -0.1 0.9 -1 
1 -2.9 10 0.9 -1 5 5 0.9 -1 
1 -2.9 10 0.9 -5 -0.6 -0.6 0.9 -5 
1 -2.9 10 0.9 -5 -0.1 -0.1 0.9 -5 
1 -2.9 10 0.9 -5 5 5 0.9 -5 
1 -2.9 10 0.9 0.1 -0.6 -0.6 0.9 0.1 
1 -2.9 10 0.9 0.1 -0.1 -0.1 0.9 0.1 
1 -2.9 10 0.9 0.1 5 5 0.9 0.1 
1 -2.9 10 0.9 1 -0.6 -0.6 0.9 1 
1 -2.9 10 0.9 1 -0.1 -0.1 0.9 1 
1 -2.9 10 0.9 1 5 5 0.9 1 
1 -2.9 0 -1 -1 -0.6 -0.6 -1 -1 
1 -2.9 0 -1 -1 -0.1 -0.1 -1 -1 
1 -2.9 0 -1 -1 5 5 -1 -1 
1 -2.9 0 -1 -5 -0.6 -0.6 -1 -5 
1 -2.9 0 -1 -5 -0.1 -0.1 -1 -5 
1 -2.9 0 -1 -5 5 5 -1 -5 
1 -2.9 0 -1 0.1 -0.6 -0.6 -1 0.1 
1 -2.9 0 -1 0.1 -0.1 -0.1 -1 0.1 
1 -2.9 0 -1 0.1 5 5 -1 0.1 
1 -2.9 0 -1 1 -0.6 -0.6 -1 1 
1 -2.9 0 -1 1 -0.1 -0.1 -1 1 
1 -2.9 0 -1 1 5 5 -1 1 
1 -2.9 0 -0.6 -1 -0.6 -0.6 -0.6 -1 
1 -2.9 0 -0.6 -1 -0.1 -0.1 -0.6 -1 
1 -2.9 0 -0.6 -1 5 5 -0.6 -1 
1 -2.9 0 -0.6 -5 -0.6 -0.6 -0.6 -5 
1 -2.9 0 -0.6 -5 -0.1 -0.1 -0.6 -5 
1 -2.9 0 -0.6 -5 5 5 -0.6 -5 
1 -2.9 0 -0.6 0.1 -0.6 -0.6 -0.6 0.1 
1 -2.9 0 -0.6 0.1 -0.1 -0.1 -0.6 0.1 
1 -2.9 0 -0.6 0.1 5 5 -0.6 0.1 
1 -2.9 0 -0.6 1 -0.6 -0.6 -0.6 1 
1 -2.9 0 -0.6 1 -0.1 -0.1 -0.6 1 
1 -2.9 0 -0.6 1 5 5 -0.6 1 
1 -2.9 0 0 -1 -0.6 -0.6 0 -1 
1 -2.9 0 0 -1 -0.1 -0.1 0 -1 
1 -2.9 0 0 -1 5 5 0 -1 
1 -2.9 0 0 -5 -0.6 -0.6 0 -5 
1 -2.9 0 0 -5 -0.1 -0.1 0 -5 
1 -2.9 0 0 -5 5 5 0 -5 
1 -2.9 0 0 0.1 -0.6 -0.6 0 0.1 
1 -2.9 0 0 0.1 -0.1 -0.1 0 0.1 
1 -2.9 0 0 0.1 5 5 0 0.1 
1 -2.9 0 0 1 -0.6 -0.6 0 1 
1 -2.9 0 0 1 -0.1 -0.1 0 1 
1 -2.9 0 0 1 5 5 0 1 
1 -2.9 0 0.9 -1 -0.6 -0.6 0.9 -1 
1 -2.9 0 0.9 -1 -0.1 -0.1 0.9 -1 
1 -2.9 0 0.9 -1 5 5 0.9 -1 
1 -2.9 0 0.9 -5 -0.6 -0.6 0.9 -5 
1 -2.9 0 0.9 -5 -0.1 -0.1 0.9 -5 
1 -2.9 0 0.9 -5 5 5 0.9 -5 
1 -2.9 0 0.9 0.1 -0.6 -0.6 0.9 0.1 
1 -2.9 0 0.9 0.1 -0.1 -0.1 0.9 0.1 
1 -2.9 0 0.9 0.1 5 5 0.9 0.1 
1 -2.9 0 0.9 1 -0.6 -0.6 0.9 1 
1 -2.9 0 0.9 1 -0.1 -0.1 0.9 1 
1 -2.9 0 0.9 1 5 5 0.9 1 
1 -2.9 -10 -1 -1 -0.6 -0.6 -1 -1 
1 -2.9 -10 -1 -1 -0.1 -0.1 -1 -1 
1 -2.9 -10 -1 -1 5 5 -1 -1 
1 -2.9 -10 -1 -5 -0.6 -0.6 -1 -5 
1 -2.9 -10 -1 -5 -0.1 -0.1 -1 -5 
1 -2.9 -10 -1 -5 5 5 -1 -5 
1 -2.9 -10 -1 0.1 -0.6 -0.6 -1 0.1 
1 -2.9 -10 -1 0.1 -0.1 -0.1 -1 0.1 
1 -2.9 -10 -1 0.1 5 5 -1 0.1 
1 -2.9 -10 -1 1 -0.6 -0.6 -1 1 
1 -2.9 -10 -1 1 -0.1 -0.1 -1 1 
1 -2.9 -10 -1 1 5 5 -1 1 
1 -2.9 -10 -0.6 -1 -0.6 -0.6 -0.6 -1 
1 -2.9 -10 -0.6 -1 -0.1 -0.1 -0.6 -1 
1 -2.9 -10 -0.6 -1 5 5 -0.6 -1 
1 -2.9 -10 -0.6 -5 -0.6 -0.6 -0.6 -5 
1 -2.9 -10 -0.6 -5 -0.1 -0.1 -0.6 -5 
1 -2.9 -10 -0.6 -5 5 5 -0.6 -5 
1 -2.9 -10 -0.6 0.1 -0.6 -0.6 -0.6 0.1 
1 -2.9 -10 -0.6 0.1 -0.1 -0.1 -0.6 0.1 
1 -2.9 -10 -0.6 0.1 5 5 -0.6 0.1 
1 -2.9 -10 -0.6 1 -0.6 -0.6 -0.6 1 
1 -2.9 -10 -0.6 1 -0.1 -0.1 -0.6 1 
1 -2.9 -10 -0.6 1 5 5 -0.6 1 
1 -2.9 -10 0 -1 -0.6 -0.6 0 -1 
1 -2.9 -10 0 -1 -0.1 -0.1 0 -1 
1 -2.9 -10 0 -1 5 5 0 -1 
1 -2.9 -10 0 -5 -0.6 -0.6 0 -5 
1 -2.9 -10 0 -5 -0.1 -0.1 0 -5 
1 -2.9 -10 0 -5 5 5 0 -5 
1 -2.9 -10 0 0.1 -0.6 -0.6 0 0.1 
1 -2.9 -10 0 0.1 -0.1 -0.1 0 0.1 
1 -2.9 -10 0 0.1 5 5 0 0.1 
1 -2.9 -10 0 1 -0.6 -0.6 0 1 
1 -2.9 -10 0 1 -0.1 -0.1 0 1 
1 -2.9 -10 0 1 5 5 0 1 
1 -2.9 -10 0.9 -1 -0.6 -0.6 0.9 -1 
1 -2.9 -10 0.9 -1 -0.1 -0.1 0.9 -1 
1 -2.9 -10 0.9 -1 5 5 0.9 -1 
1 -2.9 -10 0.9 -5 -0.6 -0.6 0.9 -5 
1 -2.9 -10 0.9 -5 -0.1 -0.1 0.9 -5 
1 -2.9 -10 0.9 -5 5 5 0.9 -5 
1 -2.9 -10 0.9 0.1 -0.6 -0.6 0.9 0.1 
1 -2.9 -10 0.9 0.1 -0.1 -0.1 0.9 0.1 
1 -2.9 -10 0.9 0.1 5 5 0.9 0.1 
1 -2.9 -10 0.9 1 -0.6 -0.6 0.9 1 
1 -2.9 -10 0.9 1 -0.1 -0.1 0.9 1 
1 -2.9 -10 0.9 1 5 5 0.9 1 
1 -1 10 -1 -1 -0.6 -0.6 -1 -1 
1 -1 10 -1 -1 -0.1 -0.1 -1 -1 
1 -1 10 -1 -1 5 5 -1 -1 
1 -1 10 -1 -5 -0.6 -0.6 -1 -5 
1 -1 10 -1 -5 -0.1 -0.1 -1 -5 
1 -1 10 -1 -5 5 5 -1 -5 
1 -1 10 -1 0.1 -0.6 -0.6 -1 0.1 
1 -1 10 -1 0.1 -0.1 -0.1 -1 0.1 
1 -1 10 -1 0.1 5 5 -1 0.1 
1 -1 10 -1 1 -0.6 -0.6 -1 1 
1 -1 10 -1 1 -0.1 -0.1 -1 1 
1 -1 10 -1 1 5 5 -1 1 
1 -1 10 -0.6 -1 -0.6 -0.6 -0.6 -1 
1 -1 10 -0.6 -1 -0.1 -0.1 -0.6 -1 
1 -1 10 -0.6 -1 5 5 -0.6 -1 
1 -1 10 -0.6 -5 -0.6 -0.6 -0.6 -5 
1 -1 10 -0.6 -5 -0.1 -0.1 -0.6 -5 
1 -1 10 -0.6 -5 5 5 -0.6 -5 
1 -1 10 -0.6 0.1 -0.6 -0.6 -0.6 0.1 
1 -1 10 -0.6 0.1 -0.1 -0.1 -0.6 0.1 
1 -1 10 -0.6 0.1 5 5 -0.6 0.1 
1 -1 10 -0.6 1 -0.6 -0.6 -0.6 1 
1 -1 10 -0.6 1 -0.1 -0.1 -0.6 1 
1 -1 10 -0.6 1 5 5 -0.6 1 
1 -1 10 0 -1 -0.6 -0.6 0 -1 
1 -1 10 0 -1 -0.1 -0.1 0 -1 
1 -1 10 0 -1 5 5 0 -1 
1 -1 10 0 -5 -0.6 -0.6 0 -5 
1 -1 10 0 -5 -0.1 -0.1 0 -5 
1 -1 10 0 -5 5 5 0 -5 
1 -1 10 0 0.1 -0.6 -0.6 0 0.1 
1 -1 10 0 0.1 -0.1 -0.1 0 0.1 
1 -1 10 0 0.1 5 5 0 0.1 
1 -1 10 0 1 -0.6 -0.6 0 1 
1 -1 10 0 1 -0.1 -0.1 0 1 
1 -1 10 0 1 5 5 0 1 
1 -1 10 0.9 -1 -0.6 -0.6 0.9 -1 
1 -1 10 0.9 -1 -0.1 -0.1 0.9 -1 
1 -1 10 0.9 -1 5 5 0.9 -1 
1 -1 10 0.9 -5 -0.6 -0.6 0.9 -5 
1 -1 10 0.9 -5 -0.1 -0.1 0.9 -5 
1 -1 10 0.9 -5 5 5 0.9 -5 
1 -1 10 0.9 0.1 -0.6 -0.6 0.9 0.1 
1 -1 10 0.9 0.1 -0.1 -0.1 0.9 0.1 
1 -1 10 0.9 0.1 5 5 0.9 0.1 
1 -1 10 0.9 1 -0.6 -0.6 0.9 1 
1 -1 10 0.9 1 -0.1 -0.1 0.9 1 
1 -1 10 0.9 1 5 5 0.9 1 
1 -1 0 -1 -1 -0.6 -0.6 -1 -1 
1 -1 0 -1 -1 -0.1 -0.1 -1 -1 
1 -1 0 -1 -1 5 5 -1 -1 
1 -1 0 -1 -5 -0.6 -0.6 -1 -5 
1 -1 0 -1 -5 -0.1 -0.1 -1 -5 
1 -1 0 -1 -5 5 5 -1 -5 
1 -1 0 -1 0.1 -0.6 -0.6 -1 0.1 
1 -1 0 -1 0.1 -0.1 -0.1 -1 0.1 
1 -1 0 -1 0.1 5 5 -1 0.1 
1 -1 0 -1 1 -0.6 -0.6 -1 1 
1 -1 0 -1 1 -0.1 -0.1 -1 1 
1 -1 0 -1 1 5 5 -1 1 
1 -1 0 -0.6 -1 -0.6 -0.6 -0.6 -1 
1 -1 0 -0.6 -1 -0.1 -0.1 -0.6 -1 
1 -1 0 -0.6 -1 5 5 -0.6 -1 
1 -1 0 -0.6 -5 -0.6 -0.6 -0.6 -5 
1 -1 0 -0.6 -5 -0.1 -0.1 -0.6 -5 
1 -1 0 -0.6 -5 5 5 -0.6 -5 
1 -1 0 -0.6 0.1 -0.6 -0.6 -0.6 0.1 
1 -1 0 -0.6 0.1 -0.1 -0.1 -0.6 0.1 
1 -1 0 -0.6 0.1 5 5 -0.6 0.1 
1 -1 0 -0.6 1 -0.6 -0.6 -0.6 1 
1 -1 0 -0.6 1 -0.1 -0.1 -0.6 1 
1 -1 0 -0.6 1 5 5 -0.6 1 
1 -1 0 0 -1 -0.6 -0.6 0 -1 
1 -1 0 0 -1 -0.1 -0.1 0 -1 
1 -1 0 0 -1 5 5 0 -1 
1 -1 0 0 -5 -0.6 -0.6 0 -5 
1 -1 0 0 -5 -0.1 -0.1 0 -5 
1 -1 0 0 -5 5 5 0 -5 
1 -1 0 0 0.1 -0.6 -0.6 0 0.1 
1 -1 0 0 0.1 -0.1 -0.1 0 0.1 
1 -1 0 0 0.1 5 5 0 0.1 
1 -1 0 0 1 -0.6 -0.6 0 1 
1 -1 0 0 1 -0.1 -0.1 0 1 
1 -1 0 0 1 5 5 0 1 
1 -1 0 0.9 -1 -0.6 -0.6 0.9 -1 
1 -1 0 0.9 -1 -0.1 -0.1 0.9 -1 
1 -1 0 0.9 -1 5 5 0.9 -1 
1 -1 0 0.9 -5 -0.6 -0.6 0.9 -5 
1 -1 0 0.9 -5 -0.1 -0.1 0.9 -5 
1 -1 0 0.9 -5 5 5 0.9 -5 
1 -1 0 0.9 0.1 -0.6 -0.6 0.9 0.1 
1 -1 0 0.9 0.1 -0.1 -0.1 0.9 0.1 
1 -1 0 0.9 0.1 5 5 0.9 0.1 
1 -1 0 0.9 1 -0.6 -0.6 0.9 1 
1 -1 0 0.9 1 -0.1 -0.1 0.9 1 
1 -1 0 0.9 1 5 5 0.9 1 
1 -1 -10 -1 -1 -0.6 -0.6 -1 -1 
1 -1 -10 -1 -1 -0.1 -0.1 -1 -1 
1 -1 -10 -1 -1 5 5 -1 -1 
1 -1 -10 -1 -5 -0.6 -0.6 -1 -5 
1 -1 -10 -1 -5 -0.1 -0.1 -1 -5 
1 -1 -10 -1 -5 5 5 -1 -5 
1 -1 -10 -1 0.1 -0.6 -0.6 -1 0.1 
1 -1 -10 -1 0.1 -0.1 -0.1 -1 0.1 
1 -1 -10 -1 0.1 5 5 -1 0.1 
1 -1 -10 -1 1 -0.6 -0.6 -1 1 
1 -1 -10 -1 1 -0.1 -0.1 -1 1 
1 -1 -10 -1 1 5 5 -1 1 
1 -1 -10 -0.6 -1 -0.6 -0.6 -0.6 -1 
1 -1 -10 -0.6 -1 -0.1 -0.1 -0.6 -1 
1 -1 -10 -0.6 -1 5 5 -0.6 -1 
1 -1 -10 -0.6 -5 -0.6 -0.6 -0.6 -5 
1 -1 -10 -0.6 -5 -0.1 -0.1 -0.6 -5 
1 -1 -10 -0.6 -5 5 5 -0.6 -5 
1 -1 -10 -0.6 0.1 -0.6 -0.6 -0.6 0.1 
1 -1 -10 -0.6 0.1 -0.1 -0.1 -0.6 0.1 
1 -1 -10 -0.6 0.1 5 5 -0.6 0.1 
1 -1 -10 -0.6 1 -0.6 -0.6 -0.6 1 
1 -1 -10 -0.6 1 -0.1 -0.1 -0.6 1 
1 -1 -10 -0.6 1 5 5 -0.6 1 
1 -1 -10 0 -1 -0.6 -0.6 0 -1 
1 -1 -10 0 -1 -0.1 -0.1 0 -1 
1 -1 -10 0 -1 5 5 0 -1 
1 -1 -10 0 -5 -0.6 -0.6 0 -5 
1 -1 -10 0 -5 -0.1 -0.1 0 -5 
1 -1 -10 0 -5 5 5 0 -5 
1 -1 -10 0 0.1 -0.6 -0.6 0 0.1 
1 -1 -10 0 0.1 -0.1 -0.1 0 0.1 
1 -1 -10 0 0.1 5 5 0 0.1 
1 -1 -10 0 1 -0.6 -0.6 0 1 
1 -1 -10 0 1 -0.1 -0.1 0 1 
1 -1 -10 0 1 5 5 0 1 
1 -1 -10 0.9 -1 -0.6 -0.6 0.9 -1 
1 -1 -10 0.9 -1 -0.1 -0.1 0.9 -1 
1 -1 -10 0.9 -1 5 5 0.9 -1 
1 -1 -10 0.9 -5 -0.6 -0.6 0.9 -5 
1 -1 -10 0.9 -5 -0.1 -0.1 0.9 -5 
1 -1 -10 0.9 -5 5 5 0.9 -5 
1 -1 -10 0.9 0.1 -0.6 -0.6 0.9 0.1 
1 -1 -10 0.9 0.1 -0.1 -0.1 0.9 0.1 
1 -1 -10 0.9 0.1 5 5 0.9 0.1 
1 -1 -10 0.9 1 -0.6 -0.6 0.9 1 
1 -1 -10 0.9 1 -0.1 -0.1 0.9 1 
1 -1 -10 0.9 1 5 5 0.9 1 
1 0.1 10 -1 -1 -0.6 -0.6 -1 -1 
1 0.1 10 -1 -1 -0.1 -0.1 -1 -1 
1 0.1 10 -1 -1 5 5 -1 -1 
1 0.1 10 -1 -5 -0.6 -0.6 -1 -5 
1 0.1 10 -1 -5 -0.1 -0.1 -1 -5 
1 0.1 10 -1 -5 5 5 -1 -5 
1 0.1 10 -1 0.1 -0.6 -0.6 -1 0.1 
1 0.1 10 -1 0.1 -0.1 -0.1 -1 0.1 
1 0.1 10 -1 0.1 5 5 -1 0.1 
1 0.1 10 -1 1 -0.6 -0.6 -1 1 
1 0.1 10 -1 1 -0.1 -0.1 -1 1 
1 0.1 10 -1 1 5 5 -1 1 
1 0.1 10 -0.6 -1 -0.6 -0.6 -0.6 -1 
1 0.1 10 -0.6 -1 -0.1 -0.1 -0.6 -1 
1 0.1 10 -0.6 -1 5 5 -0.6 -1 
1 0.1 10 -0.6 -5 -0.6 -0.6 -0.6 -5 
1 0.1 10 -0.6 -5 -0.1 -0.1 -0.6 -5 
1 0.1 10 -0.6 -5 5 5 -0.6 -5 
1 0.1 10 -0.6 0.1 -0.6 -0.6 -0.6 0.1 
1 0.1 10 -0.6 0.1 -0.1 -0.1 -0.6 0.1 
1 0.1 10 -0.6 0.1 5 5 -0.6 0.1 
1 0.1 10 -0.6 1 -0.6 -0.6 -0.6 1 
1 0.1 10 -0.6 1 -0.1 -0.1 -0.6 1 
1 0.1 10 -0.6 1 5 5 -0.6 1 
1 0.1 10 0 -1 -0.6 -0.6 0 -1 
1 0.1 10 0 -1 -0.1 -0.1 0 -1 
1 0.1 10 0 -1 5 5 0 -1 
1 0.1 10 0 -5 -0.6 -0.6 0 -5 
1 0.1 10 0 -5 -0.1 -0.1 0 -5 
1 0.1 10 0 -5 5 5 0 -5 
1 0.1 10 0 0.1 -0.6 -0.6 0 0.1 
1 0.1 10 0 0.1 -0.1 -0.1 0 0.1 
1 0.1 10 0 0.1 5 5 0 0.1 
1 0.1 10 0 1 -0.6 -0.6 0 1 
1 0.1 10 0 1 -0.1 -0.1 0 1 
1 0.1 10 0 1 5 5 0 1 
1 0.1 10 0.9 -1 -0.6 -0.6 0.9 -1 
1 0.1 10 0.9 -1 -0.1 -0.1 0.9 -1 
1 0.1 10 0.9 -1 5 5 0.9 -1 
1 0.1 10 0.9 -5 -0.6 -0.6 0.9 -5 
1 0.1 10 0.9 -5 -0.1 -0.1 0.9 -5 
1 0.1 10 0.9 -5 5 5 0.9 -5 
1 0.1 10 0.9 0.1 -0.6 -0.6 0.9 0.1 
1 0.1 10 0.9 0.1 -0.1 -0.1 0.9 0.1 
1 0.1 10 0.9 0.1 5 5 0.9 0.1 
1 0.1 10 0.9 1 -0.6 -0.6 0.9 1 
1 0.1 10 0.9 1 -0.1 -0.1 0.9 1 
1 0.1 10 0.9 1 5 5 0.9 1 
1 0.1 0 -1 -1 -0.6 -0.6 -1 -1 
1 0.1 0 -1 -1 -0.1 -0.1 -1 -1 
1 0.1 0 -1 -1 5 5 -1 -1 
1 0.1 0 -1 -5 -0.6 -0.6 -1 -5 
1 0.1 0 -1 -5 -0.1 -0.1 -1 -5 
1 0.1 0 -1 -5 5 5 -1 -5 
1 0.1 0 -1 0.1 -0.6 -0.6 -1 0.1 
1 0.1 0 -1 0.1 -0.1 -0.1 -1 0.1 
1 0.1 0 -1 0.1 5 5 -1 0.1 
1 0.1 0 -1 1 -0.6 -0.6 -1 1 
1 0.1 0 -1 1 -0.1 -0.1 -1 1 
1 0.1 0 -1 1 5 5 -1 1 
1 0.1 0 -0.6 -1 -0.6 -0.6 -0.6 -1 
1 0.1 0 -0.6 -1 -0.1 -0.1 -0.6 -1 
1 0.1 0 -0.6 -1 5 5 -0.6 -1 
1 0.1 0 -0.6 -5 -0.6 -0.6 -0.6 -5 
1 0.1 0 -0.6 -5 -0.1 -0.1 -0.6 -5 
1 0.1 0 -0.6 -5 5 5 -0.6 -5 
1 0.1 0 -0.6 0.1 -0.6 -0.6 -0.6 0.1 
1 0.1 0 -0.6 0.1 -0.1 -0.1 -0.6 0.1 
1 0.1 0 -0.6 0.1 5 5 -0.6 0.1 
1 0.1 0 -0.6 1 -0.6 -0.6 -0.6 1 
1 0.1 0 -0.6 1 -0.1 -0.1 -0.6 1 
1 0.1 0 -0.6 1 5 5 -0.6 1 
1 0.1 0 0 -1 -0.6 -0.6 0 -1 
1 0.1 0 0 -1 -0.1 -0.1 0 -1 
1 0.1 0 0 -1 5 5 0 -1 
1 0.1 0 0 -5 -0.6 -0.6 0 -5 
1 0.1 0 0 -5 -0.1 -0.1 0 -5 
1 0.1 0 0 -5 5 5 0 -5 
1 0.1 0 0 0.1 -0.6 -0.6 0 0.1 
1 0.1 0 0 0.1 -0.1 -0.1 0 0.1 
1 0.1 0 0 0.1 5 5 0 0.1 
1 0.1 0 0 1 -0.6 -0.6 0 1 
1 0.1 0 0 1 -0.1 -0.1 0 1 
1 0.1 0 0 1 5 5 0 1 
1 0.1 0 0.9 -1 -0.6 -0.6 0.9 -1 
1 0.1 0 0.9 -1 -0.1 -0.1 0.9 -1 
1 0.1 0 0.9 -1 5 5 0.9 -1 
1 0.1 0 0.9 -5 -0.6 -0.6 0.9 -5 
1 0.1 0 0.9 -5 -0.1 -0.1 0.9 -5 
1 0.1 0 0.9 -5 5 5 0.9 -5 
1 0.1 0 0.9 0.1 -0.6 -0.6 0.9 0.1 
1 0.1 0 0.9 0.1 -0.1 -0.1 0.9 0.1 
1 0.1 0 0.9 0.1 5 5 0.9 0.1 
1 0.1 0 0.9 1 -0.6 -0.6 0.9 1 
1 0.1 0 0.9 1 -0.1 -0.1 0.9 1 
1 0.1 0 0.9 1 5 5 0.9 1 
1 0.1 -10 -1 -1 -0.6 -0.6 -1 -1 
1 0.1 -10 -1 -1 -0.1 -0.1 -1 -1 
1 0.1 -10 -1 -1 5 5 -1 -1 
1 0.1 -10 -1 -5 -0.6 -0.6 -1 -5 
1 0.1 -10 -1 -5 -0.1 -0.1 -1 -5 
1 0.1 -10 -1 -5 5 5 -1 -5 
1 0.1 -10 -1 0.1 -0.6 -0.6 -1 0.1 
1 0.1 -10 -1 0.1 -0.1 -0.1 -1 0.1 
1 0.1 -10 -1 0.1 5 5 -1 0.1 
1 0.1 -10 -1 1 -0.6 -0.6 -1 1 
1 0.1 -10 -1 1 -0.1 -0.1 -1 1 
1 0.1 -10 -1 1 5 5 -1 1 
1 0.1 -10 -0.6 -1 -0.6 -0.6 -0.6 -1 
1 0.1 -10 -0.6 -1 -0.1 -0.1 -0.6 -1 
1 0.1 -10 -0.6 -1 5 5 -0.6 -1 
1 0.1 -10 -0.6 -5 -0.6 -0.6 -0.6 -5 
1 0.1 -10 -0.6 -5 -0.1 -0.1 -0.6 -5 
1 0.1 -10 -0.6 -5 5 5 -0.6 -5 
1 0.1 -10 -0.6 0.1 -0.6 -0.6 -0.6 0.1 
1 0.1 -10 -0.6 0.1 -0.1 -0.1 -0.6 0.1 
1 0.1 -10 -0.6 0.1 5 5 -0.6 0.1 
1 0.1 -10 -0.6 1 -0.6 -0.6 -0.6 1 
1 0.1 -10 -0.6 1 -0.1 -0.1 -0.6 1 
1 0.1 -10 -0.6 1 5 5 -0.6 1 
1 0.1 -10 0 -1 -0.6 -0.6 0 -1 
1 0.1 -10 0 -1 -0.1 -0.1 0 -1 
1 0.1 -10 0 -1 5 5 0 -1 
1 0.1 -10 0 -5 -0.6 -0.6 0 -5 
1 0.1 -10 0 -5 -0.1 -0.1 0 -5 
1 0.1 -10 0 -5 5 5 0 -5 
1 0.1 -10 0 0.1 -0.6 -0.6 0 0.1 
1 0.1 -10 0 0.1 -0.1 -0.1 0 0.1 
1 0.1 -10 0 0.1 5 5 0 0.1 
1 0.1 -10 0 1 -0.6 -0.6 0 1 
1 0.1 -10 0 1 -0.1 -0.1 0 1 
1 0.1 -10 0 1 5 5 0 1 
1 0.1 -10 0.9 -1 -0.6 -0.6 0.9 -1 
1 0.1 -10 0.9 -1 -0.1 -0.1 0.9 -1 
1 0.1 -10 0.9 -1 5 5 0.9 -1 
1 0.1 -10 0.9 -5 -0.6 -0.6 0.9 -5 
1 0.1 -10 0.9 -5 -0.1 -0.1 0.9 -5 
1 0.1 -10 0.9 -5 5 5 0.9 -5 
1 0.1 -10 0.9 0.1 -0.6 -0.6 0.9 0.1 
1 0.1 -10 0.9 0.1 -0.1 -0.1 0.9 0.1 
1 0.1 -10 0.9 0.1 5 5 0.9 0.1 
1 0.1 -10 0.9 1 -0.6 -0.6 0.9 1 
1 0.1 -10 0.9 1 -0.1 -0.1 0.9 1 
1 0.1 -10 0.9 1 5 5 0.9 1 
1 1.5 10 -1 -1 -0.6 -0.6 -1 -1 
1 1.5 10 -1 -1 -0.1 -0.1 -1 -1 
1 1.5 10 -1 -1 5 5 -1 -1 
1 1.5 10 -1 -5 -0.6 -0.6 -1 -5 
1 1.5 10 -1 -5 -0.1 -0.1 -1 -5 
1 1.5 10 -1 -5 5 5 -1 -5 
1 1.5 10 -1 0.1 -0.6 -0.6 -1 0.1 
1 1.5 10 -1 0.1 -0.1 -0.1 -1 0.1 
1 1.5 10 -1 0.1 5 5 -1 0.1 
1 1.5 10 -1 1 -0.6 -0.6 -1 1 
1 1.5 10 -1 1 -0.1 -0.1 -1 1 
1 1.5 10 -1 1 5 5 -1 1 
1 1.5 10 -0.6 -1 -0.6 -0.6 -0.6 -1 
1 1.5 10 -0.6 -1 -0.1 -0.1 -0.6 -1 
1 1.5 10 -0.6 -1 5 5 -0.6 -1 
1 1.5 10 -0.6 -5 -0.6 -0.6 -0.6 -5 
1 1.5 10 -0.6 -5 -0.1 -0.1 -0.6 -5 
1 1.5 10 -0.6 -5 5 5 -0.6 -5 
1 1.5 10 -0.6 0.1 -0.6 -0.6 -0.6 0.1 
1 1.5 10 -0.6 0.1 -0.1 -0.1 -0.6 0.1 
1 1.5 10 -0.6 0.1 5 5 -0.6 0.1 
1 1.5 10 -0.6 1 -0.6 -0.6 -0.6 1 
1 1.5 10 -0.6 1 -0.1 -0.1 -0.6 1 
1 1.5 10 -0.6 1 5 5 -0.6 1 
1 1.5 10 0 -1 -0.6 -0.6 0 -1 
1 1.5 10 0 -1 -0.1 -0.1 0 -1 
1 1.5 10 0 -1 5 5 0 -1 
1 1.5 10 0 -5 -0.6 -0.6 0 -5 
1 1.5 10 0 -5 -0.1 -0.1 0 -5 
1 1.5 10 0 -5 5 5 0 -5 
1 1.5 10 0 0.1 -0.6 -0.6 0 0.1 
1 1.5 10 0 0.1 -0.1 -0.1 0 0.1 
1 1.5 10 0 0.1 5 5 0 0.1 
1 1.5 10 0 1 -0.6 -0.6 0 1 
1 1.5 10 0 1 -0.1 -0.1 0 1 
1 1.5 10 0 1 5 5 0 1 
1 1.5 10 0.9 -1 -0.6 -0.6 0.9 -1 
1 1.5 10 0.9 -1 -0.1 -0.1 0.9 -1 
1 1.5 10 0.9 -1 5 5 0.9 -1 
1 1.5 10 0.9 -5 -0.6 -0.6 0.9 -5 
1 1.5 10 0.9 -5 -0.1 -0.1 0.9 -5 
1 1.5 10 0.9 -5 5 5 0.9 -5 
1 1.5 10 0.9 0.1 -0.6 -0.6 0.9 0.1 
1 1.5 10 0.9 0.1 -0.1 -0.1 0.9 0.1 
1 1.5 10 0.9 0.1 5 5 0.9 0.1 
1 1.5 10 0.9 1 -0.6 -0.6 0.9 1 
1 1.5 10 0.9 1 -0.1 -0.1 0.9 1 
1 1.5 10 0.9 1 5 5 0.9 1 
1 1.5 0 -1 -1 -0.6 -0.6 -1 -1 
1 1.5 0 -1 -1 -0.1 -0.1 -1 -1 
1 1.5 0 -1 -1 5 5 -1 -1 
1 1.5 0 -1 -5 -0.6 -0.6 -1 -5 
1 1.5 0 -1 -5 -0.1 -0.1 -1 -5 
1 1.5 0 -1 -5 5 5 -1 -5 
1 1.5 0 -1 0.1 -0.6 -0.6 -1 0.1 
1 1.5 0 -1 0.1 -0.1 -0.1 -1 0.1 
1 1.5 0 -1 0.1 5 5 -1 0.1 
1 1.5 0 -1 1 -0.6 -0.6 -1 1 
1 1.5 0 -1 1 -0.1 -0.1 -1 1 
1 1.5 0 -1 1 5 5 -1 1 
1 1.5 0 -0.6 -1 -0.6 -0.6 -0.6 -1 
1 1.5 0 -0.6 -1 -0.1 -0.1 -0.6 -1 
1 1.5 0 -0.6 -1 5 5 -0.6 -1 
1 1.5 0 -0.6 -5 -0.6 -0.6 -0.6 -5 
1 1.5 0 -0.6 -5 -0.1 -0.1 -0.6 -5 
1 1.5 0 -0.6 -5 5 5 -0.6 -5 
1 1.5 0 -0.6 0.1 -0.6 -0.6 -0.6 0.1 
1 1.5 0 -0.6 0.1 -0.1 -0.1 -0.6 0.1 
1 1.5 0 -0.6 0.1 5 5 -0.6 0.1 
1 1.5 0 -0.6 1 -0.6 -0.6 -0.6 1 
1 1.5 0 -0.6 1 -0.1 -0.1 -0.6 1 
1 1.5 0 -0.6 1 5 5 -0.6 1 
1 1.5 0 0 -1 -0.6 -0.6 0 -1 
1 1.5 0 0 -1 -0.1 -0.1 0 -1 
1 1.5 0 0 -1 5 5 0 -1 
1 1.5 0 0 -5 -0.6 -0.6 0 -5 
1 1.5 0 0 -5 -0.1 -0.1 0 -5 
1 1.5 0 0 -5 5 5 0 -5 
1 1.5 0 0 0.1 -0.6 -0.6 0 0.1 
1 1.5 0 0 0.1 -0.1 -0.1 0 0.1 
1 1.5 0 0 0.1 5 5 0 0.1 
1 1.5 0 0 1 -0.6 -0.6 0 1 
1 1.5 0 0 1 -0.1 -0.1 0 1 
1 1.5 0 0 1 5 5 0 1 
1 1.5 0 0.9 -1 -0.6 -0.6 0.9 -1 
1 1.5 0 0.9 -1 -0.1 -0.1 0.9 -1 
1 1.5 0 0.9 -1 5 5 0.9 -1 
1 1.5 0 0.9 -5 -0.6 -0.6 0.9 -5 
1 1.5 0 0.9 -5 -0.1 -0.1 0.9 -5 
1 1.5 0 0.9 -5 5 5 0.9 -5 
1 1.5 0 0.9 0.1 -0.6 -0.6 0.9 0.1 
1 1.5 0 0.9 0.1 -0.1 -0.1 0.9 0.1 
1 1.5 0 0.9 0.1 5 5 0.9 0.1 
1 1.5 0 0.9 1 -0.6 -0.6 0.9 1 
1 1.5 0 0.9 1 -0.1 -0.1 0.9 1 
1 1.5 0 0.9 1 5 5 0.9 1 
1 1.5 -10 -1 -1 -0.6 -0.6 -1 -1 
1 1.5 -10 -1 -1 -0.1 -0.1 -1 -1 
1 1.5 -10 -1 -1 5 5 -1 -1 
1 1.5 -10 -1 -5 -0.6 -0.6 -1 -5 
1 1.5 -10 -1 -5 -0.1 -0.1 -1 -5 
1 1.5 -10 -1 -5 5 5 -1 -5 
1 1.5 -10 -1 0.1 -0.6 -0.6 -1 0.1 
1 1.5 -10 -1 0.1 -0.1 -0.1 -1 0.1 
1 1.5 -10 -1 0.1 5 5 -1 0.1 
1 1.5 -10 -1 1 -0.6 -0.6 -1 1 
1 1.5 -10 -1 1 -0.1 -0.1 -1 1 
1 1.5 -10 -1 1 5 5 -1 1 
1 1.5 -10 -0.6 -1 -0.6 -0.6 -0.6 -1 
1 1.5 -10 -0.6 -1 -0.1 -0.1 -0.6 -1 
1 1.5 -10 -0.6 -1 5 5 -0.6 -1 
1 1.5 -10 -0.6 -5 -0.6 -0.6 -0.6 -5 
1 1.5 -10 -0.6 -5 -0.1 -0.1 -0.6 -5 
1 1.5 -10 -0.6 -5 5 5 -0.6 -5 
1 1.5 -10 -0.6 0.1 -0.6 -0.6 -0.6 0.1 
1 1.5 -10 -0.6 0.1 -0.1 -0.1 -0.6 0.1 
1 1.5 -10 -0.6 0.1 5 5 -0.6 0.1 
1 1.5 -10 -0.6 1 -0.6 -0.6 -0.6 1 
1 1.5 -10 -0.6 1 -0.1 -0.1 -0.6 1 
1 1.5 -10 -0.6 1 5 5 -0.6 1 
1 1.5 -10 0 -1 -0.6 -0.6 0 -1 
1 1.5 -10 0 -1 -0.1 -0.1 0 -1 
1 1.5 -10 0 -1 5 5 0 -1 
1 1.5 -10 0 -5 -0.6 -0.6 0 -5 
1 1.5 -10 0 -5 -0.1 -0.1 0 -5 
1 1.5 -10 0 -5 5 5 0 -5 
1 1.5 -10 0 0.1 -0.6 -0.6 0 0.1 
1 1.5 -10 0 0.1 -0.1 -0.1 0 0.1 
1 1.5 -10 0 0.1 5 5 0 0.1 
1 1.5 -10 0 1 -0.6 -0.6 0 1 
1 1.5 -10 0 1 -0.1 -0.1 0 1 
1 1.5 -10 0 1 5 5 0 1 
1 1.5 -10 0.9 -1 -0.6 -0.6 0.9 -1 
1 1.5 -10 0.9 -1 -0.1 -0.1 0.9 -1 
1 1.5 -10 0.9 -1 5 5 0.9 -1 
1 1.5 -10 0.9 -5 -0.6 -0.6 0.9 -5 
1 1.5 -10 0.9 -5 -0.1 -0.1 0.9 -5 
1 1.5 -10 0.9 -5 5 5 0.9 -5 
1 1.5 -10 0.9 0.1 -0.6 -0.6 0.9 0.1 
1 1.5 -10 0.9 0.1 -0.1 -0.1 0.9 0.1 
1 1.5 -10 0.9 0.1 5 5 0.9 0.1 
1 1.5 -10 0.9 1 -0.6 -0.6 0.9 1 
1 1.5 -10 0.9 1 -0.1 -0.1 0.9 1 
1 1.5 -10 0.9 1 5 5 0.9 1 
2 -2.9 10 -1 -1 -0.6 -0.6 -1 -1 
2 -2.9 10 -1 -1 -0.1 -0.1 -1 -1 
2 -2.9 10 -1 -1 5 5 -1 -1 
2 -2.9 10 -1 -5 -0.6 -0.6 -1 -5 
2 -2.9 10 -1 -5 -0.1 -0.1 -1 -5 
2 -2.9 10 -1 -5 5 5 -1 -5 
2 -2.9 10 -1 0.1 -0.6 -0.6 -1 0.1 
2 -2.9 10 -1 0.1 -0.1 -0.1 -1 0.1 
2 -2.9 10 -1 0.1 5 5 -1 0.1 
2 -2.9 10 -1 1 -0.6 -0.6 -1 1 
2 -2.9 10 -1 1 -0.1 -0.1 -1 1 
2 -2.9 10 -1 1 5 5 -1 1 
2 -2.9 10 -0.6 -1 -0.6 -0.6 -0.6 -1 
2 -2.9 10 -0.6 -1 -0.1 -0.1 -0.6 -1 
2 -2.9 10 -0.6 -1 5 5 -0.6 -1 
2 -2.9 10 -0.6 -5 -0.6 -0.6 -0.6 -5 
2 -2.9 10 -0.6 -5 -0.1 -0.1 -0.6 -5 
2 -2.9 10 -0.6 -5 5 5 -0.6 -5 
2 -2.9 10 -0.6 0.1 -0.6 -0.6 -0.6 0.1 
2 -2.9 10 -0.6 0.1 -0.1 -0.1 -0.6 0.1 
2 -2.9 10 -0.6 0.1 5 5 -0.6 0.1 
2 -2.9 10 -0.6 1 -0.6 -0.6 -0.6 1 
2 -2.9 10 -0.6 1 -0.1 -0.1 -0.6 1 
2 -2.9 10 -0.6 1 5 5 -0.6 1 
2 -2.9 10 0 -1 -0.6 -0.6 0 -1 
2 -2.9 10 0 -1 -0.1 -0.1 0 -1 
2 -2.9 10 0 -1 5 5 0 -1 
2 -2.9 10 0 -5 -0.6 -0.6 0 -5 
2 -2.9 10 0 -5 -0.1 -0.1 0 -5 
2 -2.9 10 0 -5 5 5 0 -5 
2 -2.9 10 0 0.1 -0.6 -0.6 0 0.1 
2 -2.9 10 0 0.1 -0.1 -0.1 0 0.1 
2 -2.9 10 0 0.1 5 5 0 0.1 
2 -2.9 10 0 1 -0.6 -0.6 0 1 
2 -2.9 10 0 1 -0.1 -0.1 0 1 
2 -2.9 10 0 1 5 5 0 1 
2 -2.9 10 0.9 -1 -0.6 -0.6 0.9 -1 
2 -2.9 10 0.9 -1 -0.1 -0.1 0.9 -1 
2 -2.9 10 0.9 -1 5 5 0.9 -1 
2 -2.9 10 0.9 -5 -0.6 -0.6 0.9 -5 
2 -2.9 10 0.9 -5 -0.1 -0.1 0.9 -5 
2 -2.9 10 0.9 -5 5 5 0.9 -5 
2 -2.9 10 0.9 0.1 -0.6 -0.6 0.9 0.1 
2 -2.9 10 0.9 0.1 -0.1 -0.1 0.9 0.1 
2 -2.9 10 0.9 0.1 5 5 0.9 0.1 
2 -2.9 10 0.9 1 -0.6 -0.6 0.9 1 
2 -2.9 10 0.9 1 -0.1 -0.1 0.9 1 
2 -2.9 10 0.9 1 5 5 0.9 1 
2 -2.9 0 -1 -1 -0.6 -0.6 -1 -1 
2 -2.9 0 -1 -1 -0.1 -0.1 -1 -1 
2 -2.9 0 -1 -1 5 5 -1 -1 
2 -2.9 0 -1 -5 -0.6 -0.6 -1 -5 
2 -2.9 0 -1 -5 -0.1 -0.1 -1 -5 
2 -2.9 0 -1 -5 5 5 -1 -5 
2 -2.9 0 -1 0.1 -0.6 -0.6 -1 0.1 
2 -2.9 0 -1 0.1 -0.1 -0.1 -1 0.1 
2 -2.9 0 -1 0.1 5 5 -1 0.1 
2 -2.9 0 -1 1 -0.6 -0.6 -1 1 
2 -2.9 0 -1 1 -0.1 -0.1 -1 1 
2 -2.9 0 -1 1 5 5 -1 1 
2 -2.9 0 -0.6 -1 -0.6 -0.6 -0.6 -1 
2 -2.9 0 -0.6 -1 -0.1 -0.1 -0.6 -1 
2 -2.9 0 -0.6 -1 5 5 -0.6 -1 
2 -2.9 0 -0.6 -5 -0.6 -0.6 -0.6 -5 
2 -2.9 0 -0.6 -5 -0.1 -0.1 -0.6 -5 
2 -2.9 0 -0.6 -5 5 5 -0.6 -5 
2 -2.9 0 -0.6 0.1 -0.6 -0.6 -0.6 0.1 
2 -2.9 0 -0.6 0.1 -0.1 -0.1 -0.6 0.1 
2 -2.9 0 -0.6 0.1 5 5 -0.6 0.1 
2 -2.9 0 -0.6 1 -0.6 -0.6 -0.6 1 
2 -2.9 0 -0.6 1 -0.1 -0.1 -0.6 1 
2 -2.9 0 -0.6 1 5 5 -0.6 1 
2 -2.9 0 0 -1 -0.6 -0.6 0 -1 
2 -2.9 0 0 -1 -0.1 -0.1 0 -1 
2 -2.9 0 0 -1 5 5 0 -1 
2 -2.9 0 0 -5 -0.6 -0.6 0 -5 
2 -2.9 0 0 -5 -0.1 -0.1 0 -5 
2 -2.9 0 0 -5 5 5 0 -5 
2 -2.9 0 0 0.1 -0.6 -0.6 0 0.1 
2 -2.9 0 0 0.1 -0.1 -0.1 0 0.1 
2 -2.9 0 0 0.1 5 5 0 0.1 
2 -2.9 0 0 1 -0.6 -0.6 0 1 
2 -2.9 0 0 1 -0.1 -0.1 0 1 
2 -2.9 0 0 1 5 5 0 1 
2 -2.9 0 0.9 -1 -0.6 -0.6 0.9 -1 
2 -2.9 0 0.9 -1 -0.1 -0.1 0.9 -1 
2 -2.9 0 0.9 -1 5 5 0.9 -1 
2 -2.9 0 0.9 -5 -0.6 -0.6 0.9 -5 
2 -2.9 0 0.9 -5 -0.1 -0.1 0.9 -5 
2 -2.9 0 0.9 -5 5 5 0.9 -5 
2 -2.9 0 0.9 0.1 -0.6 -0.6 0.9 0.1 
2 -2.9 0 0.9 0.1 -0.1 -0.1 0.9 0.1 
2 -2.9 0 0.9 0.1 5 5 0.9 0.1 
2 -2.9 0 0.9 1 -0.6 -0.6 0.9 1 
2 -2.9 0 0.9 1 -0.1 -0.1 0.9 1 
2 -2.9 0 0.9 1 5 5 0.9 1 
2 -2.9 -10 -1 -1 -0.6 -0.6 -1 -1 
2 -2.9 -10 -1 -1 -0.1 -0.1 -1 -1 
2 -2.9 -10 -1 -1 5 5 -1 -1 
2 -2.9 -10 -1 -5 -0.6 -0.6 -1 -5 
2 -2.9 -10 -1 -5 -0.1 -0.1 -1 -5 
2 -2.9 -10 -1 -5 5 5 -1 -5 
2 -2.9 -10 -1 0.1 -0.6 -0.6 -1 0.1 
2 -2.9 -10 -1 0.1 -0.1 -0.1 -1 0.1 
2 -2.9 -10 -1 0.1 5 5 -1 0.1 
2 -2.9 -10 -1 1 -0.6 -0.6 -1 1 
2 -2.9 -10 -1 1 -0.1 -0.1 -1 1 
2 -2.9 -10 -1 1 5 5 -1 1 
2 -2.9 -10 -0.6 -1 -0.6 -0.6 -0.6 -1 
2 -2.9 -10 -0.6 -1 -0.1 -0.1 -0.6 -1 
2 -2.9 -10 -0.6 -1 5 5 -0.6 -1 
2 -2.9 -10 -0.6 -5 -0.6 -0.6 -0.6 -5 
2 -2.9 -10 -0.6 -5 -0.1 -0.1 -0.6 -5 
2 -2.9 -10 -0.6 -5 5 5 -0.6 -5 
2 -2.9 -10 -0.6 0.1 -0.6 -0.6 -0.6 0.1 
2 -2.9 -10 -0.6 0.1 -0.1 -0.1 -0.6 0.1 
2 -2.9 -10 -0.6 0.1 5 5 -0.6 0.1 
2 -2.9 -10 -0.6 1 -0.6 -0.6 -0.6 1 
2 -2.9 -10 -0.6 1 -0.1 -0.1 -0.6 1 
2 -2.9 -10 -0.6 1 5 5 -0.6 1 
2 -2.9 -10 0 -1 -0.6 -0.6 0 -1 
2 -2.9 -10 0 -1 -0.1 -0.1 0 -1 
2 -2.9 -10 0 -1 5 5 0 -1 
2 -2.9 -10 0 -5 -0.6 -0.6 0 -5 
2 -2.9 -10 0 -5 -0.1 -0.1 0 -5 
2 -2.9 -10 0 -5 5 5 0 -5 
2 -2.9 -10 0 0.1 -0.6 -0.6 0 0.1 
2 -2.9 -10 0 0.1 -0.1 -0.1 0 0.1 
2 -2.9 -10 0 0.1 5 5 0 0.1 
2 -2.9 -10 0 1 -0.6 -0.6 0 1 
2 -2.9 -10 0 1 -0.1 -0.1 0 1 
2 -2.9 -10 0 1 5 5 0 1 
2 -2.9 -10 0.9 -1 -0.6 -0.6 0.9 -1 
2 -2.9 -10 0.9 -1 -0.1 -0.1 0.9 -1 
2 -2.9 -10 0.9 -1 5 5 0.9 -1 
2 -2.9 -10 0.9 -5 -0.6 -0.6 0.9 -5 
2 -2.9 -10 0.9 -5 -0.1 -0.1 0.9 -5 
2 -2.9 -10 0.9 -5 5 5 0.9 -5 
2 -2.9 -10 0.9 0.1 -0.6 -0.6 0.9 0.1 
2 -2.9 -10 0.9 0.1 -0.1 -0.1 0.9 0.1 
2 -2.9 -10 0.9 0.1 5 5 0.9 0.1 
2 -2.9 -10 0.9 1 -0.6 -0.6 0.9 1 
2 -2.9 -10 0.9 1 -0.1 -0.1 0.9 1 
2 -2.9 -10 0.9 1 5 5 0.9 1 
2 -1 10 -1 -1 -0.6 -0.6 -1 -1 
2 -1 10 -1 -1 -0.1 -0.1 -1 -1 
2 -1 10 -1 -1 5 5 -1 -1 
2 -1 10 -1 -5 -0.6 -0.6 -1 -5 
2 -1 10 -1 -5 -0.1 -0.1 -1 -5 
2 -1 10 -1 -5 5 5 -1 -5 
2 -1 10 -1 0.1 -0.6 -0.6 -1 0.1 
2 -1 10 -1 0.1 -0.1 -0.1 -1 0.1 
2 -1 10 -1 0.1 5 5 -1 0.1 
2 -1 10 -1 1 -0.6 -0.6 -1 1 
2 -1 10 -1 1 -0.1 -0.1 -1 1 
2 -1 10 -1 1 5 5 -1 1 
2 -1 10 -0.6 -1 -0.6 -0.6 -0.6 -1 
2 -1 10 -0.6 -1 -0.1 -0.1 -0.6 -1 
2 -1 10 -0.6 -1 5 5 -0.6 -1 
2 -1 10 -0.6 -5 -0.6 -0.6 -0.6 -5 
2 -1 10 -0.6 -5 -0.1 -0.1 -0.6 -5 
2 -1 10 -0.6 -5 5 5 -0.6 -5 
2 -1 10 -0.6 0.1 -0.6 -0.6 -0.6 0.1 
2 -1 10 -0.6 0.1 -0.1 -0.1 -0.6 0.1 
2 -1 10 -0.6 0.1 5 5 -0.6 0.1 
2 -1 10 -0.6 1 -0.6 -0.6 -0.6 1 
2 -1 10 -0.6 1 -0.1 -0.1 -0.6 1 
2 -1 10 -0.6 1 5 5 -0.6 1 
2 -1 10 0 -1 -0.6 -0.6 0 -1 
2 -1 10 0 -1 -0.1 -0.1 0 -1 
2 -1 10 0 -1 5 5 0 -1 
2 -1 10 0 -5 -0.6 -0.6 0 -5 
2 -1 10 0 -5 -0.1 -0.1 0 -5 
2 -1 10 0 -5 5 5 0 -5 
2 -1 10 0 0.1 -0.6 -0.6 0 0.1 
2 -1 10 0 0.1 -0.1 -0.1 0 0.1 
2 -1 10 0 0.1 5 5 0 0.1 
2 -1 10 0 1 -0.6 -0.6 0 1 
2 -1 10 0 1 -0.1 -0.1 0 1 
2 -1 10 0 1 5 5 0 1 
2 -1 10 0.9 -1 -0.6 -0.6 0.9 -1 
2 -1 10 0.9 -1 -0.1 -0.1 0.9 -1 
2 -1 10 0.9 -1 5 5 0.9 -1 
2 -1 10 0.9 -5 -0.6 -0.6 0.9 -5 
2 -1 10 0.9 -5 -0.1 -0.1 0.9 -5 
2 -1 10 0.9 -5 5 5 0.9 -5 
2 -1 10 0.9 0.1 -0.6 -0.6 0.9 0.1 
2 -1 10 0.9 0.1 -0.1 -0.1 0.9 0.1 
2 -1 10 0.9 0.1 5 5 0.9 0.1 
2 -1 10 0.9 1 -0.6 -0.6 0.9 1 
2 -1 10 0.9 1 -0.1 -0.1 0.9 1 
2 -1 10 0.9 1 5 5 0.9 1 
2 -1 0 -1 -1 -0.6 -0.6 -1 -1 
2 -1 0 -1 -1 -0.1 -0.1 -1 -1 
2 -1 0 -1 -1 5 5 -1 -1 
2 -1 0 -1 -5 -0.6 -0.6 -1 -5 
2 -1 0 -1 -5 -0.1 -0.1 -1 -5 
2 -1 0 -1 -5 5 5 -1 -5 
2 -1 0 -1 0.1 -0.6 -0.6 -1 0.1 
2 -1 0 -1 0.1 -0.1 -0.1 -1 0.1 
2 -1 0 -1 0.1 5 5 -1 0.1 
2 -1 0 -1 1 -0.6 -0.6 -1 1 
2 -1 0 -1 1 -0.1 -0.1 -1 1 
2 -1 0 -1 1 5 5 -1 1 
2 -1 0 -0.6 -1 -0.6 -0.6 -0.6 -1 
2 -1 0 -0.6 -1 -0.1 -0.1 -0.6 -1 
2 -1 0 -0.6 -1 5 5 -0.6 -1 
2 -1 0 -0.6 -5 -0.6 -0.6 -0.6 -5 
2 -1 0 -0.6 -5 -0.1 -0.1 -0.6 -5 
2 -1 0 -0.6 -5 5 5 -0.6 -5 
2 -1 0 -0.6 0.1 -0.6 -0.6 -0.6 0.1 
2 -1 0 -0.6 0.1 -0.1 -0.1 -0.6 0.1 
2 -1 0 -0.6 0.1 5 5 -0.6 0.1 
2 -1 0 -0.6 1 -0.6 -0.6 -0.6 1 
2 -1 0 -0.6 1 -0.1 -0.1 -0.6 1 
2 -1 0 -0.6 1 5 5 -0.6 1 
2 -1 0 0 -1 -0.6 -0.6 0 -1 
2 -1 0 0 -1 -0.1 -0.1 0 -1 
2 -1 0 0 -1 5 5 0 -1 
2 -1 0 0 -5 -0.6 -0.6 0 -5 
2 -1 0 0 -5 -0.1 -0.1 0 -5 
2 -1 0 0 -5 5 5 0 -5 
2 -1 0 0 0.1 -0.6 -0.6 0 0.1 
2 -1 0 0 0.1 -0.1 -0.1 0 0.1 
2 -1 0 0 0.1 5 5 0 0.1 
2 -1 0 0 1 -0.6 -0.6 0 1 
2 -1 0 0 1 -0.1 -0.1 0 1 
2 -1 0 0 1 5 5 0 1 
2 -1 0 0.9 -1 -0.6 -0.6 0.9 -1 
2 -1 0 0.9 -1 -0.1 -0.1 0.9 -1 
2 -1 0 0.9 -1 5 5 0.9 -1 
2 -1 0 0.9 -5 -0.6 -0.6 0.9 -5 
2 -1 0 0.9 -5 -0.1 -0.1 0.9 -5 
2 -1 0 0.9 -5 5 5 0.9 -5 
2 -1 0 0.9 0.1 -0.6 -0.6 0.9 0.1 
2 -1 0 0.9 0.1 -0.1 -0.1 0.9 0.1 
2 -1 0 0.9 0.1 5 5 0.9 0.1 
2 -1 0 0.9 1 -0.6 -0.6 0.9 1 
2 -1 0 0.9 1 -0.1 -0.1 0.9 1 
2 -1 0 0.9 1 5 5 0.9 1 
2 -1 -10 -1 -1 -0.6 -0.6 -1 -1 
2 -1 -10 -1 -1 -0.1 -0.1 -1 -1 
2 -1 -10 -1 -1 5 5 -1 -1 
2 -1 -10 -1 -5 -0.6 -0.6 -1 -5 
2 -1 -10 -1 -5 -0.1 -0.1 -1 -5 
2 -1 -10 -1 -5 5 5 -1 -5 
2 -1 -10 -1 0.1 -0.6 -0.6 -1 0.1 
2 -1 -10 -1 0.1 -0.1 -0.1 -1 0.1 
2 -1 -10 -1 0.1 5 5 -1 0.1 
2 -1 -10 -1 1 -0.6 -0.6 -1 1 
2 -1 -10 -1 1 -0.1 -0.1 -1 1 
2 -1 -10 -1 1 5 5 -1 1 
2 -1 -10 -0.6 -1 -0.6 -0.6 -0.6 -1 
2 -1 -10 -0.6 -1 -0.1 -0.1 -0.6 -1 
2 -1 -10 -0.6 -1 5 5 -0.6 -1 
2 -1 -10 -0.6 -5 -0.6 -0.6 -0.6 -5 
2 -1 -10 -0.6 -5 -0.1 -0.1 -0.6 -5 
2 -1 -10 -0.6 -5 5 5 -0.6 -5 
2 -1 -10 -0.6 0.1 -0.6 -0.6 -0.6 0.1 
2 -1 -10 -0.6 0.1 -0.1 -0.1 -0.6 0.1 
2 -1 -10 -0.6 0.1 5 5 -0.6 0.1 
2 -1 -10 -0.6 1 -0.6 -0.6 -0.6 1 
2 -1 -10 -0.6 1 -0.1 -0.1 -0.6 1 
2 -1 -10 -0.6 1 5 5 -0.6 1 
2 -1 -10 0 -1 -0.6 -0.6 0 -1 
2 -1 -10 0 -1 -0.1 -0.1 0 -1 
2 -1 -10 0 -1 5 5 0 -1 
2 -1 -10 0 -5 -0.6 -0.6 0 -5 
2 -1 -10 0 -5 -0.1 -0.1 0 -5 
2 -1 -10 0 -5 5 5 0 -5 
2 -1 -10 0 0.1 -0.6 -0.6 0 0.1 
2 -1 -10 0 0.1 -0.1 -0.1 0 0.1 
2 -1 -10 0 0.1 5 5 0 0.1 
2 -1 -10 0 1 -0.6 -0.6 0 1 
2 -1 -10 0 1 -0.1 -0.1 0 1 
2 -1 -10 0 1 5 5 0 1 
2 -1 -10 0.9 -1 -0.6 -0.6 0.9 -1 
2 -1 -10 0.9 -1 -0.1 -0.1 0.9 -1 
2 -1 -10 0.9 -1 5 5 0.9 -1 
2 -1 -10 0.9 -5 -0.6 -0.6 0.9 -5 
2 -1 -10 0.9 -5 -0.1 -0.1 0.9 -5 
2 -1 -10 0.9 -5 5 5 0.9 -5 
2 -1 -10 0.9 0.1 -0.6 -0.6 0.9 0.1 
2 -1 -10 0.9 0.1 -0.1 -0.1 0.9 0.1 
2 -1 -10 0.9 0.1 5 5 0.9 0.1 
2 -1 -10 0.9 1 -0.6 -0.6 0.9 1 
2 -1 -10 0.9 1 -0.1 -0.1 0.9 1 
2 -1 -10 0.9 1 5 5 0.9 1 
2 0.1 10 -1 -1 -0.6 -0.6 -1 -1 
2 0.1 10 -1 -1 -0.1 -0.1 -1 -1 
2 0.1 10 -1 -1 5 5 -1 -1 
2 0.1 10 -1 -5 -0.6 -0.6 -1 -5 
2 0.1 10 -1 -5 -0.1 -0.1 -1 -5 
2 0.1 10 -1 -5 5 5 -1 -5 
2 0.1 10 -1 0.1 -0.6 -0.6 -1 0.1 
2 0.1 10 -1 0.1 -0.1 -0.1 -1 0.1 
2 0.1 10 -1 0.1 5 5 -1 0.1 
2 0.1 10 -1 1 -0.6 -0.6 -1 1 
2 0.1 10 -1 1 -0.1 -0.1 -1 1 
2 0.1 10 -1 1 5 5 -1 1 
2 0.1 10 -0.6 -1 -0.6 -0.6 -0.6 -1 
2 0.1 10 -0.6 -1 -0.1 -0.1 -0.6 -1 
2 0.1 10 -0.6 -1 5 5 -0.6 -1 
2 0.1 10 -0.6 -5 -0.6 -0.6 -0.6 -5 
2 0.1 10 -0.6 -5 -0.1 -0.1 -0.6 -5 
2 0.1 10 -0.6 -5 5 5 -0.6 -5 
2 0.1 10 -0.6 0.1 -0.6 -0.6 -0.6 0.1 
2 0.1 10 -0.6 0.1 -0.1 -0.1 -0.6 0.1 
2 0.1 10 -0.6 0.1 5 5 -0.6 0.1 
2 0.1 10 -0.6 1 -0.6 -0.6 -0.6 1 
2 0.1 10 -0.6 1 -0.1 -0.1 -0.6 1 
2 0.1 10 -0.6 1 5 5 -0.6 1 
2 0.1 10 0 -1 -0.6 -0.6 0 -1 
2 0.1 10 0 -1 -0.1 -0.1 0 -1 
2 0.1 10 0 -1 5 5 0 -1 
2 0.1 10 0 -5 -0.6 -0.6 0 -5 
2 0.1 10 0 -5 -0.1 -0.1 0 -5 
2 0.1 10 0 -5 5 5 0 -5 
2 0.1 10 0 0.1 -0.6 -0.6 0 0.1 
2 0.1 10 0 0.1 -0.1 -0.1 0 0.1 
2 0.1 10 0 0.1 5 5 0 0.1 
2 0.1 10 0 1 -0.6 -0.6 0 1 
2 0.1 10 0 1 -0.1 -0.1 0 1 
2 0.1 10 0 1 5 5 0 1 
2 0.1 10 0.9 -1 -0.6 -0.6 0.9 -1 
2 0.1 10 0.9 -1 -0.1 -0.1 0.9 -1 
2 0.1 10 0.9 -1 5 5 0.9 -1 
2 0.1 10 0.9 -5 -0.6 -0.6 0.9 -5 
2 0.1 10 0.9 -5 -0.1 -0.1 0.9 -5 
2 0.1 10 0.9 -5 5 5 0.9 -5 
2 0.1 10 0.9 0.1 -0.6 -0.6 0.9 0.1 
2 0.1 10 0.9 0.1 -0.1 -0.1 0.9 0.1 
2 0.1 10 0.9 0.1 5 5 0.9 0.1 
2 0.1 10 0.9 1 -0.6 -0.6 0.9 1 
2 0.1 10 0.9 1 -0.1 -0.1 0.9 1 
2 0.1 10 0.9 1 5 5 0.9 1 
2 0.1 0 -1 -1 -0.6 -0.6 -1 -1 
2 0.1 0 -1 -1 -0.1 -0.1 -1 -1 
2 0.1 0 -1 -1 5 5 -1 -1 
2 0.1 0 -1 -5 -0.6 -0.6 -1 -5 
2 0.1 0 -1 -5 -0.1 -0.1 -1 -5 
2 0.1 0 -1 -5 5 5 -1 -5 
2 0.1 0 -1 0.1 -0.6 -0.6 -1 0.1 
2 0.1 0 -1 0.1 -0.1 -0.1 -1 0.1 
2 0.1 0 -1 0.1 5 5 -1 0.1 
2 0.1 0 -1 1 -0.6 -0.6 -1 1 
2 0.1 0 -1 1 -0.1 -0.1 -1 1 
2 0.1 0 -1 1 5 5 -1 1 
2 0.1 0 -0.6 -1 -0.6 -0.6 -0.6 -1 
2 0.1 0 -0.6 -1 -0.1 -0.1 -0.6 -1 
2 0.1 0 -0.6 -1 5 5 -0.6 -1 
2 0.1 0 -0.6 -5 -0.6 -0.6 -0.6 -5 
2 0.1 0 -0.6 -5 -0.1 -0.1 -0.6 -5 
2 0.1 0 -0.6 -5 5 5 -0.6 -5 
2 0.1 0 -0.6 0.1 -0.6 -0.6 -0.6 0.1 
2 0.1 0 -0.6 0.1 -0.1 -0.1 -0.6 0.1 
2 0.1 0 -0.6 0.1 5 5 -0.6 0.1 
2 0.1 0 -0.6 1 -0.6 -0.6 -0.6 1 
2 0.1 0 -0.6 1 -0.1 -0.1 -0.6 1 
2 0.1 0 -0.6 1 5 5 -0.6 1 
2 0.1 0 0 -1 -0.6 -0.6 0 -1 
2 0.1 0 0 -1 -0.1 -0.1 0 -1 
2 0.1 0 0 -1 5 5 0 -1 
2 0.1 0 0 -5 -0.6 -0.6 0 -5 
2 0.1 0 0 -5 -0.1 -0.1 0 -5 
2 0.1 0 0 -5 5 5 0 -5 
2 0.1 0 0 0.1 -0.6 -0.6 0 0.1 
2 0.1 0 0 0.1 -0.1 -0.1 0 0.1 
2 0.1 0 0 0.1 5 5 0 0.1 
2 0.1 0 0 1 -0.6 -0.6 0 1 
2 0.1 0 0 1 -0.1 -0.1 0 1 
2 0.1 0 0 1 5 5 0 1 
2 0.1 0 0.9 -1 -0.6 -0.6 0.9 -1 
2 0.1 0 0.9 -1 -0.1 -0.1 0.9 -1 
2 0.1 0 0.9 -1 5 5 0.9 -1 
2 0.1 0 0.9 -5 -0.6 -0.6 0.9 -5 
2 0.1 0 0.9 -5 -0.1 -0.1 0.9 -5 
2 0.1 0 0.9 -5 5 5 0.9 -5 
2 0.1 0 0.9 0.1 -0.6 -0.6 0.9 0.1 
2 0.1 0 0.9 0.1 -0.1 -0.1 0.9 0.1 
2 0.1 0 0.9 0.1 5 5 0.9 0.1 
2 0.1 0 0.9 1 -0.6 -0.6 0.9 1 
2 0.1 0 0.9 1 -0.1 -0.1 0.9 1 
2 0.1 0 0.9 1 5 5 0.9 1 
2 0.1 -10 -1 -1 -0.6 -0.6 -1 -1 
2 0.1 -10 -1 -1 -0.1 -0.1 -1 -1 
2 0.1 -10 -1 -1 5 5 -1 -1 
2 0.1 -10 -1 -5 -0.6 -0.6 -1 -5 
2 0.1 -10 -1 -5 -0.1 -0.1 -1 -5 
2 0.1 -10 -1 -5 5 5 -1 -5 
2 0.1 -10 -1 0.1 -0.6 -0.6 -1 0.1 
2 0.1 -10 -1 0.1 -0.1 -0.1 -1 0.1 
2 0.1 -10 -1 0.1 5 5 -1 0.1 
2 0.1 -10 -1 1 -0.6 -0.6 -1 1 
2 0.1 -10 -1 1 -0.1 -0.1 -1 1 
2 0.1 -10 -1 1 5 5 -1 1 
2 0.1 -10 -0.6 -1 -0.6 -0.6 -0.6 -1 
2 0.1 -10 -0.6 -1 -0.1 -0.1 -0.6 -1 
2 0.1 -10 -0.6 -1 5 5 -0.6 -1 
2 0.1 -10 -0.6 -5 -0.6 -0.6 -0.6 -5 
2 0.1 -10 -0.6 -5 -0.1 -0.1 -0.6 -5 
2 0.1 -10 -0.6 -5 5 5 -0.6 -5 
2 0.1 -10 -0.6 0.1 -0.6 -0.6 -0.6 0.1 
2 0.1 -10 -0.6 0.1 -0.1 -0.1 -0.6 0.1 
2 0.1 -10 -0.6 0.1 5 5 -0.6 0.1 
2 0.1 -10 -0.6 1 -0.6 -0.6 -0.6 1 
2 0.1 -10 -0.6 1 -0.1 -0.1 -0.6 1 
2 0.1 -10 -0.6 1 5 5 -0.6 1 
2 0.1 -10 0 -1 -0.6 -0.6 0 -1 
2 0.1 -10 0 -1 -0.1 -0.1 0 -1 
2 0.1 -10 0 -1 5 5 0 -1 
2 0.1 -10 0 -5 -0.6 -0.6 0 -5 
2 0.1 -10 0 -5 -0.1 -0.1 0 -5 
2 0.1 -10 0 -5 5 5 0 -5 
2 0.1 -10 0 0.1 -0.6 -0.6 0 0.1 
2 0.1 -10 0 0.1 -0.1 -0.1 0 0.1 
2 0.1 -10 0 0.1 5 5 0 0.1 
2 0.1 -10 0 1 -0.6 -0.6 0 1 
2 0.1 -10 0 1 -0.1 -0.1 0 1 
2 0.1 -10 0 1 5 5 0 1 
2 0.1 -10 0.9 -1 -0.6 -0.6 0.9 -1 
2 0.1 -10 0.9 -1 -0.1 -0.1 0.9 -1 
2 0.1 -10 0.9 -1 5 5 0.9 -1 
2 0.1 -10 0.9 -5 -0.6 -0.6 0.9 -5 
2 0.1 -10 0.9 -5 -0.1 -0.1 0.9 -5 
2 0.1 -10 0.9 -5 5 5 0.9 -5 
2 0.1 -10 0.9 0.1 -0.6 -0.6 0.9 0.1 
2 0.1 -10 0.9 0.1 -0.1 -0.1 0.9 0.1 
2 0.1 -10 0.9 0.1 5 5 0.9 0.1 
2 0.1 -10 0.9 1 -0.6 -0.6 0.9 1 
2 0.1 -10 0.9 1 -0.1 -0.1 0.9 1 
2 0.1 -10 0.9 1 5 5 0.9 1 
2 1.5 10 -1 -1 -0.6 -0.6 -1 -1 
2 1.5 10 -1 -1 -0.1 -0.1 -1 -1 
2 1.5 10 -1 -1 5 5 -1 -1 
2 1.5 10 -1 -5 -0.6 -0.6 -1 -5 
2 1.5 10 -1 -5 -0.1 -0.1 -1 -5 
2 1.5 10 -1 -5 5 5 -1 -5 
2 1.5 10 -1 0.1 -0.6 -0.6 -1 0.1 
2 1.5 10 -1 0.1 -0.1 -0.1 -1 0.1 
2 1.5 10 -1 0.1 5 5 -1 0.1 
2 1.5 10 -1 1 -0.6 -0.6 -1 1 
2 1.5 10 -1 1 -0.1 -0.1 -1 1 
2 1.5 10 -1 1 5 5 -1 1 
2 1.5 10 -0.6 -1 -0.6 -0.6 -0.6 -1 
2 1.5 10 -0.6 -1 -0.1 -0.1 -0.6 -1 
2 1.5 10 -0.6 -1 5 5 -0.6 -1 
2 1.5 10 -0.6 -5 -0.6 -0.6 -0.6 -5 
2 1.5 10 -0.6 -5 -0.1 -0.1 -0.6 -5 
2 1.5 10 -0.6 -5 5 5 -0.6 -5 
2 1.5 10 -0.6 0.1 -0.6 -0.6 -0.6 0.1 
2 1.5 10 -0.6 0.1 -0.1 -0.1 -0.6 0.1 
2 1.5 10 -0.6 0.1 5 5 -0.6 0.1 
2 1.5 10 -0.6 1 -0.6 -0.6 -0.6 1 
2 1.5 10 -0.6 1 -0.1 -0.1 -0.6 1 
2 1.5 10 -0.6 1 5 5 -0.6 1 
2 1.5 10 0 -1 -0.6 -0.6 0 -1 
2 1.5 10 0 -1 -0.1 -0.1 0 -1 
2 1.5 10 0 -1 5 5 0 -1 
2 1.5 10 0 -5 -0.6 -0.6 0 -5 
2 1.5 10 0 -5 -0.1 -0.1 0 -5 
2 1.5 10 0 -5 5 5 0 -5 
2 1.5 10 0 0.1 -0.6 -0.6 0 0.1 
2 1.5 10 0 0.1 -0.1 -0.1 0 0.1 
2 1.5 10 0 0.1 5 5 0 0.1 
2 1.5 10 0 1 -0.6 -0.6 0 1 
2 1.5 10 0 1 -0.1 -0.1 0 1 
2 1.5 10 0 1 5 5 0 1 
2 1.5 10 0.9 -1 -0.6 -0.6 0.9 -1 
2 1.5 10 0.9 -1 -0.1 -0.1 0.9 -1 
2 1.5 10 0.9 -1 5 5 0.9 -1 
2 1.5 10 0.9 -5 -0.6 -0.6 0.9 -5 
2 1.5 10 0.9 -5 -0.1 -0.1 0.9 -5 
2 1.5 10 0.9 -5 5 5 0.9 -5 
2 1.5 10 0.9 0.1 -0.6 -0.6 0.9 0.1 
2 1.5 10 0.9 0.1 -0.1 -0.1 0.9 0.1 
2 1.5 10 0.9 0.1 5 5 0.9 0.1 
2 1.5 10 0.9 1 -0.6 -0.6 0.9 1 
2 1.5 10 0.9 1 -0.1 -0.1 0.9 1 
2 1.5 10 0.9 1 5 5 0.9 1 
2 1.5 0 -1 -1 -0.6 -0.6 -1 -1 
2 1.5 0 -1 -1 -0.1 -0.1 -1 -1 
2 1.5 0 -1 -1 5 5 -1 -1 
2 1.5 0 -1 -5 -0.6 -0.6 -1 -5 
2 1.5 0 -1 -5 -0.1 -0.1 -1 -5 
2 1.5 0 -1 -5 5 5 -1 -5 
2 1.5 0 -1 0.1 -0.6 -0.6 -1 0.1 
2 1.5 0 -1 0.1 -0.1 -0.1 -1 0.1 
2 1.5 0 -1 0.1 5 5 -1 0.1 
2 1.5 0 -1 1 -0.6 -0.6 -1 1 
2 1.5 0 -1 1 -0.1 -0.1 -1 1 
2 1.5 0 -1 1 5 5 -1 1 
2 1.5 0 -0.6 -1 -0.6 -0.6 -0.6 -1 
2 1.5 0 -0.6 -1 -0.1 -0.1 -0.6 -1 
2 1.5 0 -0.6 -1 5 5 -0.6 -1 
2 1.5 0 -0.6 -5 -0.6 -0.6 -0.6 -5 
2 1.5 0 -0.6 -5 -0.1 -0.1 -0.6 -5 
2 1.5 0 -0.6 -5 5 5 -0.6 -5 
2 1.5 0 -0.6 0.1 -0.6 -0.6 -0.6 0.1 
2 1.5 0 -0.6 0.1 -0.1 -0.1 -0.6 0.1 
2 1.5 0 -0.6 0.1 5 5 -0.6 0.1 
2 1.5 0 -0.6 1 -0.6 -0.6 -0.6 1 
2 1.5 0 -0.6 1 -0.1 -0.1 -0.6 1 
2 1.5 0 -0.6 1 5 5 -0.6 1 
2 1.5 0 0 -1 -0.6 -0.6 0 -1 
2 1.5 0 0 -1 -0.1 -0.1 0 -1 
2 1.5 0 0 -1 5 5 0 -1 
2 1.5 0 0 -5 -0.6 -0.6 0 -5 
2 1.5 0 0 -5 -0.1 -0.1 0 -5 
2 1.5 0 0 -5 5 5 0 -5 
2 1.5 0 0 0.1 -0.6 -0.6 0 0.1 
2 1.5 0 0 0.1 -0.1 -0.1 0 0.1 
2 1.5 0 0 0.1 5 5 0 0.1 
2 1.5 0 0 1 -0.6 -0.6 0 1 
2 1.5 0 0 1 -0.1 -0.1 0 1 
2 1.5 0 0 1 5 5 0 1 
2 1.5 0 0.9 -1 -0.6 -0.6 0.9 -1 
2 1.5 0 0.9 -1 -0.1 -0.1 0.9 -1 
2 1.5 0 0.9 -1 5 5 0.9 -1 
2 1.5 0 0.9 -5 -0.6 -0.6 0.9 -5 
2 1.5 0 0.9 -5 -0.1 -0.1 0.9 -5 
2 1.5 0 0.9 -5 5 5 0.9 -5 
2 1.5 0 0.9 0.1 -0.6 -0.6 0.9 0.1 
2 1.5 0 0.9 0.1 -0.1 -0.1 0.9 0.1 
2 1.5 0 0.9 0.1 5 5 0.9 0.1 
2 1.5 0 0.9 1 -0.6 -0.6 0.9 1 
2 1.5 0 0.9 1 -0.1 -0.1 0.9 1 
2 1.5 0 0.9 1 5 5 0.9 1 
2 1.5 -10 -1 -1 -0.6 -0.6 -1 -1 
2 1.5 -10 -1 -1 -0.1 -0.1 -1 -1 
2 1.5 -10 -1 -1 5 5 -1 -1 
2 1.5 -10 -1 -5 -0.6 -0.6 -1 -5 
2 1.5 -10 -1 -5 -0.1 -0.1 -1 -5 
2 1.5 -10 -1 -5 5 5 -1 -5 
2 1.5 -10 -1 0.1 -0.6 -0.6 -1 0.1 
2 1.5 -10 -1 0.1 -0.1 -0.1 -1 0.1 
2 1.5 -10 -1 0.1 5 5 -1 0.1 
2 1.5 -10 -1 1 -0.6 -0.6 -1 1 
2 1.5 -10 -1 1 -0.1 -0.1 -1 1 
2 1.5 -10 -1 1 5 5 -1 1 
2 1.5 -10 -0.6 -1 -0.6 -0.6 -0.6 -1 
2 1.5 -10 -0.6 -1 -0.1 -0.1 -0.6 -1 
2 1.5 -10 -0.6 -1 5 5 -0.6 -1 
2 1.5 -10 -0.6 -5 -0.6 -0.6 -0.6 -5 
2 1.5 -10 -0.6 -5 -0.1 -0.1 -0.6 -5 
2 1.5 -10 -0.6 -5 5 5 -0.6 -5 
2 1.5 -10 -0.6 0.1 -0.6 -0.6 -0.6 0.1 
2 1.5 -10 -0.6 0.1 -0.1 -0.1 -0.6 0.1 
2 1.5 -10 -0.6 0.1 5 5 -0.6 0.1 
2 1.5 -10 -0.6 1 -0.6 -0.6 -0.6 1 
2 1.5 -10 -0.6 1 -0.1 -0.1 -0.6 1 
2 1.5 -10 -0.6 1 5 5 -0.6 1 
2 1.5 -10 0 -1 -0.6 -0.6 0 -1 
2 1.5 -10 0 -1 -0.1 -0.1 0 -1 
2 1.5 -10 0 -1 5 5 0 -1 
2 1.5 -10 0 -5 -0.6 -0.6 0 -5 
2 1.5 -10 0 -5 -0.1 -0.1 0 -5 
2 1.5 -10 0 -5 5 5 0 -5 
2 1.5 -10 0 0.1 -0.6 -0.6 0 0.1 
2 1.5 -10 0 0.1 -0.1 -0.1 0 0.1 
2 1.5 -10 0 0.1 5 5 0 0.1 
2 1.5 -10 0 1 -0.6 -0.6 0 1 
2 1.5 -10 0 1 -0.1 -0.1 0 1 
2 1.5 -10 0 1 5 5 0 1 
2 1.5 -10 0.9 -1 -0.6 -0.6 0.9 -1 
2 1.5 -10 0.9 -1 -0.1 -0.1 0.9 -1 
2 1.5 -10 0.9 -1 5 5 0.9 -1 
2 1.5 -10 0.9 -5 -0.6 -0.6 0.9 -5 
2 1.5 -10 0.9 -5 -0.1 -0.1 0.9 -5 
2 1.5 -10 0.9 -5 5 5 0.9 -5 
2 1.5 -10 0.9 0.1 -0.6 -0.6 0.9 0.1 
2 1.5 -10 0.9 0.1 -0.1 -0.1 0.9 0.1 
2 1.5 -10 0.9 0.1 5 5 0.9 0.1 
2 1.5 -10 0.9 1 -0.6 -0.6 0.9 1 
2 1.5 -10 0.9 1 -0.1 -0.1 0.9 1 
2 1.5 -10 0.9 1 5 5 0.9 1 
